-0.239599418560209	-1.24556661344086	1.45845897938477	-0.517975430758685
-1.03630409146907	-0.906121827932633	-0.828934862091492	-0.090962166691314
-0.748084206374422	-1.6811914192719	-0.883552052622028	-0.652210545479271
0.138439762181065	-1.6279529904152	1.52385991941922	-0.633964178563391
-0.468887625634553	-1.59058968362692	-0.236873671570102	-0.414410310928993
-0.15436086543147	-0.906122850814209	-0.909855977978267	-0.24770536234371
0.435797572770093	-0.597910219924289	-0.758312709573481	-0.209850328946621
-0.832078471589305	0.628199514045776	-1.32983476190223	0.0149289561586965
-0.540926085375691	-1.19116619111317	-1.56421459982821	-0.628726877659585
-0.71568414560464	-1.24856621366416	0.633859699530465	-1.47066179807071
-0.704326461297017	-1.28605738064951	-1.88117479451256	-0.580089418590937
-0.965727382150294	0.116759237199902	0.882401434689407	1.09452394388158
0.545862191180631	-0.906122850814209	1.73280800831174	0.62845599239107
-0.853920681246171	-0.906122850814209	0.282336227652586	-0.274304923535992
0.50275220113465	-0.143628054136544	-0.529664754774782	1.57645785318938
0.347864364004908	1.04368838460119	1.25389151452792	1.11700138560089
-0.970566485481696	-0.746972194874377	-0.113687540388045	-0.339864963731657
-0.812448079327233	-1.17961990387681	-0.469524512067487	-0.190766681120805
-0.569005617438738	0.628200025486564	0.0659351551729107	-0.588649212790908
-1.21786278538612	-0.0569639011205815	1.30444615337391	-0.68625844196184
2.52874887508752	-0.906122339373421	1.83587354064317	0.54698088573378
-1.67211125883752	-1.41756312766008	1.77488700612168	-0.820614395445762
-1.77072871962592	-2.18472431009007	-0.477031458274215	-0.189577335614848
-1.09276929727634	0.116758725759114	1.21501254393041	0.165532282703415
-0.760689090449332	1.31646328327073	0.876823981172596	0.145403465479081
1.52430622527624	-0.906122850814209	0.304355608759225	0.402465169826813
-1.31451514217952	-0.394682062527547	0.0661058174412998	-0.268490059159086
-0.894350177851941	1.65108160205989	-0.428461590899166	0.216793260136233
0.73057190758095	0.730741346334098	0.852448232344823	1.30017147473397
1.16396753975715	0.454216563804843	0.560667083694985	1.54665305811701
-1.18973467831357	0.463475176395196	1.3505596247574	-0.586354278504765
0.909167261204063	-0.527484311936427	1.13830182853139	0.132252800489591
-0.326020448895883	0.116759237199902	-0.230157299676069	0.378062611979772
-1.59636031832883	-0.906121827932633	-0.459337422422217	-0.669967400864531
-0.519780205759757	0.571067486467849	-1.85277246907996	-0.0789417163911263
1.15656719661924	1.65108160205989	-0.667621727221997	2.3532412085136
0.799039640873835	1.34555914971635	0.714278041742241	0.214226724980366
-0.699750748344147	1.13964081377323	-0.808099148851474	-0.147139019644423
-0.787079879879371	-0.13082055391627	1.14532662092588	-0.453314379419635
-0.175415286378276	0.969063547741493	0.773172318274145	0.264567810168598
0.577079774743477	-0.906122339373421	1.5164253620924	-0.183766480106868
0.0942183706232615	-0.906121827932633	-0.178119785593173	0.304426848506928
-1.6245932521249	-1.92900391594674	1.8336465954649	-0.202961803567047
2.31677137194654	0.116758725759114	-1.4565846195782	1.40601449115687
-0.780426956574403	1.1396418366548	1.09037644154776	1.37133949303519
-0.0134852640826306	1.44650937827153	0.518180514555136	1.39211015880933
-0.829911655565717	1.13964081377323	1.20738231726759	-0.0744672459743479
0.582104045481697	1.37068418988173	0.924454547990776	0.217604769745931
-0.565973980946142	-0.906122339373421	0.682284789145698	-0.255480706799232
1.41902564969586	-1.2296669422146	1.07790230201787	-0.576954769438724
-1.21910786744182	-0.906122850814209	-0.841441466937216	-1.22664881890263
0.524369006864562	-0.372972935387144	0.578763426231081	0.677628635461316
-1.43455524101677	-0.906121827932633	-1.35827657217843	-1.12398970345018
0.20941830727332	1.65108160205989	-0.134111295093311	1.23800694651848
1.22645816445501	0.200541932814658	-1.58786909217981	0.855152805407942
-0.70411919027552	1.13964081377323	0.481527172974437	0.221279757159789
1.78764088152165	-0.210297940975228	0.47038981476019	-0.352489464674632
-0.300634910684411	1.13963979089165	-1.10896663745149	0.245335547844747
-0.613938692446474	1.1396418366548	-1.82849280003824	-1.60465910095966
0.437446078882962	-0.512630025681429	-0.366484425524139	0.267919797286147
1.94532674508463	0.116759237199902	-0.695943328085497	-0.225627948473646
-1.20873134538347	1.13964081377323	-0.652508683979091	0.835534116754419
-0.308415515409022	1.13964081377323	1.41011812410253	1.00806738806229
0.448445340504623	-0.906122339373421	-1.25412345176643	0.387980553702256
0.835224449319049	1.1396418366548	0.354808464452858	0.362549434627961
0.185477445434546	-0.748714162199282	-0.778711018490659	0.920747207337258
0.611534677536729	0.0165608266035091	0.829245622092048	0.867473491355896
-0.224125697070892	1.36509823359206	-1.8073254141121	0.00218146884403245
-0.425014465275701	0.680781764371104	0.349712287307317	-0.313021291056571
-0.836542078185082	-0.0302482801036392	0.13892244982174	-0.153793598887397
0.615857721025972	1.41471208158217	-0.0570298608850645	-0.0725406981077098
1.02439803702909	1.13964081377323	-1.19006104792956	1.20846859805579
0.883223441275681	1.13964030233244	-1.14244495888737	1.07690467860481
0.305483925600368	-0.98256074526838	-0.0238669794773969	-0.916738768201348
0.841547274330521	1.4173828253786	1.03267680089459	0.823197252156872
-1.17475451598081	-0.906122339373421	-2.16287458515385	-0.679728710351127
-0.940578498208576	1.13964081377323	-0.72695121447432	0.412172932278472
1.95557527794899	1.13964081377323	0.0487943458516034	0.386463912683284
2.50166784403736	1.65108262494146	-0.0576309079485443	1.44460787230576
0.964618612589447	1.12953014082959	-0.251190437134018	0.403651365507186
0.790687518734904	1.36788354012507	-0.744652708574551	0.594773332502421
-0.874743609845213	-0.394681551086759	-2.07994018096465	-0.106300528723181
-1.0271179880361	-0.334975442021387	-1.7873355539658	0.414643970449571
-0.666858716701499	0.628200025486564	1.70144344216918	0.299151892869996
1.18092564471141	1.13964081377323	1.11840453840727	1.59023490394853
0.0440196057564807	1.49124050105587	0.730712511083836	0.563527205877331
0.0980102655752966	-0.218408880436667	-1.24693721023372	0.425541078407188
1.94215745733894	1.65108160205989	0.345433885144496	1.37638021618775
0.784428754498913	1.23004001886605	-0.246770328254771	0.857447023824634
1.14636009148778	-2.40413578377425	1.25732801208138	-0.119438451236441
0.172432209706683	1.08627196751551	0.699716908868574	1.44755439096624
1.28815716209056	1.13964081377323	-1.01603467086624	1.14132032989605
1.46571139575511	-0.906122339373421	-1.20771998614282	-0.510581787894457
0.183832380603003	1.48817083344457	-0.636841536764524	2.12896804311016
-0.0150817539046644	0.348018441321058	1.70711258826721	-0.129139054993591
0.230128335373422	-1.41756312766008	1.33176571665128	-0.897509655703081
-0.170671215354303	1.13964081377323	-0.00467251956911743	0.698676056365224
-1.27274023693165	-0.906122339373421	-0.954041272833297	-1.21591235204983
-0.0864459872195518	1.65108160205989	-0.633208931154581	0.921410818318372
-1.22096192393553	1.01714205048517	-0.693260552324048	0.697519927201795
-1.22707469842904	1.13964081377323	-0.333374190574588	0.404862187096674
-0.76872686477469	-0.705137361274106	1.45497422257804	-0.060332117315789
1.12176684212349	-1.02455565983539	0.966872238014593	0.202073838831735
-0.794380955286686	1.13964081377323	-2.13780346435847	0.336427358359523
-0.686119965362705	1.13964030233244	0.933855889248678	0.73398875099389
1.29358128324764	1.65108160205989	0.155699559861568	0.650509209873689
1.86033556714056	1.58985855961646	0.342641429261975	0.619493450037944
1.33063660351175	1.13964081377323	1.87294761516831	0.719977610924251
-0.0319171639438978	1.29278101756911	0.559605818843482	0.230998687174884
-0.299291355039952	-0.906122339373421	0.464900982781207	-1.01258566995771
-0.962734658608094	-0.906121827932633	0.0458711512647629	-10.7225351027897
-1.29824185220944	-0.328745581779267	-0.294060009256656	-0.932999170086154
1.04246595521149	0.868326078554246	-0.342520196510632	0.718723121298249
-1.77072871962592	-0.906122850814209	-1.14680233073736	-2.23672443567004
0.214625892420718	0.116759237199902	0.880251704316373	-0.607644808674246
-0.736146798520082	-0.394682062527547	-0.399623177305169	-0.238859220363322
-1.06208087689609	-1.41756312766008	0.165471619928699	-0.755843386559032
-1.46436361987599	-1.41756312766008	-1.11509775621948	0.0729962771581101
-0.915464027080135	-0.394682062527547	-0.436687161259165	-0.292938718998774
0.435220496362857	-0.906122339373421	1.62189288907534	-0.192703107985867
-0.413388096310582	-1.21011353799682	1.23328393593973	-0.258188984106406
-0.253206509643281	-1.28012057597908	1.34699984674786	-0.390530194607321
0.0724410158837218	-0.906121827932633	-0.494361356124252	-1.03273639278725
-0.480817753855315	-0.610952471466387	-0.249983517081729	-0.0241456324351836
0.319605620598882	-0.968676150747974	0.472154348548014	0.342929171061646
-1.14414100964792	0.806734798743248	-0.379248998014627	-0.572342136217894
1.28827681279518	1.13964081377323	-0.0397679647100927	1.39075802459021
-0.4323371148698	-1.0783699710197	0.889763603136318	-0.840494090101135
-0.148954347751944	1.65108160205989	0.649136385514013	0.883739763370201
0.480050730001689	-0.651612014135177	-0.0357536722788175	-0.843811715485033
-0.0162893789366853	0.392220222889522	-0.146642907006641	-0.265094976700585
-0.885995408573526	1.65108057917831	0.616140656610861	0.459815905505736
-0.0849551182628793	-0.266141137766673	0.825134811154228	0.517597880941966
0.0822689182842749	0.883920419629895	-0.190672456089748	-0.268714555818932
0.376646843957593	-1.27629448744191	0.889134039241358	-1.47372629201672
1.28910033788826	-1.36334017528593	1.42621741099412	-0.451435794806217
-1.15107413266713	-0.906121827932633	0.158478415409077	-0.110859901256853
1.735409775317	0.116759237199902	1.77821821075891	-0.0697634109854566
-0.844229900670824	-0.906122339373421	-1.20628317655676	-0.846099777424445
-0.886970350045016	0.116759237199902	-0.838328306380676	-0.472588162171647
1.02080203039878	-0.906122339373421	-0.193918548953028	-0.0591825741513094
1.94135563878962	1.65108262494146	0.128456772668945	0.453395129225471
-0.434664215189067	-0.906122339373421	0.519193081432883	-0.570517241813304
-0.767937223066992	-0.906121827932633	1.1568583888555	-0.570517241813304
-0.82966216266947	1.65108057917831	-2.42402865679523	0.751581815448752
-1.20817676966184	1.13964081377323	-0.72203096424298	-0.448614266951889
-1.55037063759656	-0.278125729758594	0.659851255901887	-0.305071417628885
0.611696814830045	1.65108160205989	-0.188359521696558	1.3321056950754
-1.5119983654398	-0.047534978747728	0.152063444487753	-0.0262402664489254
-0.949154833061695	-1.7895718595993	1.40355442693703	-1.47695600863203
-0.683556210773682	0.648446943413256	0.776323647512818	0.110968713145169
-0.416055486410354	-0.0787129206424715	0.0961028918343132	-0.157928460836602
1.93620774663756	1.65108160205989	0.162092594758678	1.67111855926537
-1.33881323549149	-1.41756312766008	-2.26235094520329	-0.702272727929379
0.361762375717132	-0.906122339373421	0.506933914940298	-0.0823836167117255
1.36254336983893	-0.59741105371492	-1.31866537709263	0.243626767465115
-0.254113816700985	-1.11223706857925	-0.705590352814603	-0.00258650804767192
-0.736692109253524	1.1396418366548	-0.209022379065765	0.330007154774819
-0.0675642060031955	1.13964081377323	0.263367270073234	2.05634108286772
1.25817605738009	-0.906122339373421	0.283576490461681	0.271768311454936
0.222735668940006	0.576706632599498	-1.13939321919863	0.0613005452409141
0.708447115784303	-1.05583640132858	-0.487684030353321	-0.937466768156202
-0.960316099619699	-0.711299711332171	0.510172549555345	0.0891361266273611
0.657072888630216	-0.104511528326015	-0.33225018869383	0.531589549362537
-0.787847285615414	-0.394681551086759	-2.94874800785966	-0.300511615573543
0.917976279617714	0.116759237199902	-0.118294105473116	0.215342192758976
0.0971469010330044	1.13964081377323	1.52458819542315	0.858188091880351
0.570530619306232	-0.906122339373421	-0.369236519122106	0.12746019768877
-1.18223255266254	-0.906122339373421	1.15759149078476	-0.255124060638724
-1.16854498853919	-0.960536570602392	-2.24144547540627	-0.180552942141151
-1.12869759790568	-0.906122339373421	0.115315778002932	-0.370363436302082
-1.33201419008707	-0.772358581282563	-0.275198538195955	-0.536436128988207
1.58692828044942	-0.402817039706035	0.347133488300645	-1.43757545743477
-1.09786676142126	-0.906121827932633	-2.40539663654781	-0.65367635976722
-0.23083526916079	-0.645108021630535	-1.4477193947521	-0.147878655961237
-1.49383660616274	-0.556590407197821	-1.85207139374606	-1.02279210706896
-0.907717967525773	-0.906121827932633	-0.935207441163106	-0.175405411266505
-0.685372942600679	-0.394681551086759	-2.18732667134589	-0.631343666850915
0.20026952850706	-0.517690732281526	0.426705538698221	-1.19829637977254
-0.571136035294438	-0.394681039645971	0.485174256360361	-0.10618269661154
-1.43636932570429	0.11675974864069	0.465679272920341	-0.311638374451053
1.32230221720736	0.624342739061305	-0.373337678209271	0.254053406019508
0.975223582785156	-0.267406953717682	0.122734102671834	0.335620430314311
0.889816936299262	-0.906122339373421	0.839893368245825	0.236899742233695
0.363280113139555	0.628199514045776	0.46274467160091	1.24835813243273
0.0121133688572017	1.13964081377323	1.05309309735162	0.88135706348936
1.42073834894119	0.116759237199902	-0.611981001801606	0.479456070242791
-1.13483194658598	-0.906122339373421	-1.68321753119254	-0.322307692749348
-0.705324829952929	-1.67647951528942	0.104501756785607	-0.85865483903067
-0.969659178423991	-0.906122850814209	-0.130960843295608	-0.700570390374807
1.04743357716477	0.331966360739893	-0.902954904760346	0.270525418914041
1.17595034605362	0.796158714682268	1.60196137875345	0.408869051588033
0.756120377227585	0.116759237199902	-0.525342041843047	-10.7225351027897
0.228142583690453	-0.906121827932633	-0.191212082285428	-0.0159354688750994
-0.529818158678265	-0.628166034077751	0.949797675486414	0.416772966196963
-1.35995699739583	-0.906122339373421	-0.551270861185216	-0.51622985468927
-0.055458704791702	-0.835344560123218	-1.38732425544343	-0.463386948943544
-0.479933212197162	-0.779480394259455	-1.66570249329814	-0.37187707066936
0.214625892420718	-0.906122850814209	-2.19908438032492	-1.05337533858239
-0.659852664989535	-1.54482135892393	-0.940514204141108	-0.858705379413913
-0.421100537193513	-1.0573855554763	-0.315097095198964	-1.23429072529248
0.103831722368739	-1.22302230349318	-0.0138022928472439	-1.10748590595202
1.07319567096767	-0.906122339373421	1.19441812695675	-0.031979391837911
1.08818165700729	-0.0878175895555505	-0.75176831610929	0.322229805884834
0.345230857290517	0.85367739149614	-0.488725552783031	0.192158903760946
0.025564411067766	1.13964081377323	1.79650495798519	-0.345775754615002
0.0973442452814421	1.65108160205989	-0.577292689270055	0.574354588150416
-0.660914167922109	-0.663775098962209	0.546570555814185	0.459533709768136
1.27606780842991	0.116759237199902	0.559876509382291	-0.0428733499699424
-0.809076417768081	-0.906122850814209	-0.643265282095533	-0.248162087053473
-0.350210274203009	-0.906122339373421	-1.1509460457115	-0.662288985132679
-0.351707761008388	-0.906122339373421	-1.33444483675118	-0.712426333875145
-1.17635960900616	-0.906121827932633	-0.864954252572386	-0.219992910502841
0.143407516491329	1.13964081377323	0.0873311144713696	0.079045660367176
-0.563642115775807	1.1396418366548	-0.427835536768081	0.62895137405119
0.143673554009343	1.13964081377323	-0.639018029087098	-0.137448294885698
-0.0395517789260361	-0.906122850814209	-0.855787188053095	-0.040248686214651
0.415824773015929	0.493015996326634	0.685766036188558	0.38181333838155
1.16421637086853	-0.394682062527547	1.57195816227366	0.917300582278282
0.203473096709058	-0.394682062527547	0.685196138279463	0.615699341947433
0.747429553591838	0.0289791203838977	0.353794142693174	0.134352445589491
-1.4021955491241	0.116758725759114	-0.290184791218901	-0.529498924485961
-1.60573635401968	-0.394682062527547	-0.268848059185821	-0.929894587450884
-0.0097545180526473	-1.59289321293736	0.122933281771701	-0.240779325404901
-0.474258804001984	1.13964081377323	0.0413080195076378	-1.21741524837534
2.234551087256	0.276345640691354	0.982892555219015	0.279024364210674
-1.04302517861572	-1.20106615045203	-1.0484714698724	-0.895439074902893
-1.43983628428482	-1.92900391594674	-1.7403981655128	-1.36369944817416
0.9477049795785	0.254503538945995	-0.386915638477638	0.432658252489424
1.93284958548977	1.65108262494146	0.0118975144021232	1.50594084656693
1.44309026530545	1.58715457216878	0.577633720984027	1.38416858946728
-1.07541915096469	-0.394681039645971	-1.23783419890514	-0.0150121404571488
-0.230539980751492	1.65108160205989	0.16596342559159	1.48404297275519
-0.756881577374349	1.13964081377323	1.7070682774983	0.870640640981186
-1.03907604357841	0.116758725759114	-0.0850000466406456	0.164953717013084
1.5085680545526	1.65108160205989	0.0648980199480433	1.29380553405366
-0.619249648390673	1.3662970507998	-0.832020821978004	1.92668968024214
-1.0746284504012	1.13964081377323	-1.20107731929015	-0.553349976507921
0.665884421826376	-0.652964775020194	-0.263374582423789	0.109603693275927
0.957500057449467	-0.0790607003785069	-0.0232277637317834	-0.716287017824603
-1.63065864282168	-0.906122339373421	-0.317096783166369	-0.624847724278291
-0.0656057198568984	-1.92900391594674	-1.16578401121075	-0.142555307549415
-0.019286999686928	-0.906122339373421	0.746339734734334	-0.115817440379193
-0.0471874527639676	-0.906122339373421	1.76795346758792	0.000371035002353069
0.0232706647059813	1.35159159381419	1.37879260408308	0.255400385978584
-0.849339806371309	-0.593192178652344	-0.350039865611404	-0.222221984799489
-0.251504001884963	0.743889977560159	-1.04172175522157	0.309866024595927
0.418638549929096	0.169252496828069	-0.0537236633154358	0.162736239801544
0.0274330268286248	0.51760504654588	-0.480238943734878	1.72103799734694
0.385549306394985	-0.457852671492775	-1.67784101165754	-0.0577313636001613
-1.07696587456445	-0.906122850814209	1.14844899461258	-0.91561771664102
-0.970997836860407	0.831682368955084	-0.77963101534622	-0.312133756111172
-0.960412852567793	0.116759237199902	-0.901132459868595	0.061762710558505
-0.0120245725160612	1.27372575667913	0.691369812934425	0.0813272794815298
-0.832034264359944	0.431398121594645	0.942696545727656	0.250687244686829
1.01780043893931	-0.906122339373421	-0.732271577787334	-0.130705950048026
-0.390677095475485	1.13964081377323	-0.293199678386958	0.572892210035832
-0.77305361425921	0.814127675337932	0.217288457607996	-0.0662546484581303
1.86221583031514	1.13963979089165	0.4316889646793	0.565064034414823
-0.36018562227275	0.889507910241926	-0.0598543433629391	0.573372844785261
1.68130753856899	1.65108160205989	0.660991929161048	1.26417569747513
-1.47759455243856	-1.852792078321	-0.216337165700373	-0.742645617359664
-1.52979667246587	-1.63902261483688	-0.159405724615193	-0.511149472369132
1.81735886056753	-1.41756312766008	-0.635571879682981	0.485850216179477
-0.829050011664089	1.13964081377323	-0.379426241090283	0.695555151906471
-0.300632395901902	-0.146248676735725	1.8538795067595	-0.488706535557367
-0.841523332906708	1.13963979089165	-1.38230090589829	0.799557524796858
-0.957349318044431	1.13964081377323	-0.576443326412464	1.76791942865219
1.4410333055704	-0.906121827932633	0.249923119552575	-0.470784457502808
-0.459086591699749	-1.17036947433907	-0.527807212244288	-1.34969016936509
1.81748857040218	-0.906122339373421	0.61102605320498	-1.05151665513971
-1.02171729406344	1.13964081377323	0.180950556055505	2.16129069421573
-1.26568402192649	1.13964081377323	-0.535158412679091	0.722072101764103
-0.618092451365797	0.116759237199902	0.640876156235754	-0.980894702055744
0.0822689182842749	-1.41756312766008	0.130360380850289	-1.22724012706919
0.835412263865349	1.65108262494146	1.49210884053001	1.9043693002804
0.0114973794995704	-0.565197955664685	0.625152852799197	-0.385250514232013
-0.245495127616142	0.683056652997403	-0.711208607336453	0.0854126032647228
-1.30954010823568	-0.906121827932633	-1.75238093810028	-0.989468813644737
0.11624177697772	-0.906122339373421	1.08485514425294	-0.39452345757911
1.94790982379188	-1.34529142986729	0.36062326575167	-0.475938860724184
-1.09973868610647	0.116759237199902	-0.725723674559269	0.0350327179522438
-0.946363689191106	0.116759237199902	0.674048250773591	0.664868835192094
-0.785864710499825	1.13964081377323	-0.632058167324282	0.423611667062745
-0.435028726295839	1.13964081377323	-0.325010423262036	1.64584879716534
1.02039013549527	-0.604841265487149	0.379676457664007	0.874679862771732
-0.564267634835575	-0.906121827932633	1.45735998457162	0.531421892737103
-0.150847317196043	0.116759237199902	0.386875860811247	0.116609907593252
0.645184452856307	-2.20807229809246	0.403159410306244	0.750006043613123
-0.0362083094023754	0.116759237199902	-0.557663896082327	0.746247156299603
0.801015862854666	0.557411505979807	-0.486735955386765	0.17608462793341
-0.931862129676821	-0.906122850814209	-0.811284259567436	-0.740655500285774
1.08045373035839	-1.53222354942686	0.00665173357143878	-1.29855074656506
-0.833395158768015	-0.906122339373421	-0.68733168369932	0.622018751113431
-1.09816112333174	0.628199514045776	1.12203275681237	0.438054619585251
0.778714242140572	0.536230185732915	-0.127776610020613	0.142172460298758
-1.83690720669414	-0.394681551086759	-0.88045336984147	-1.74411705602114
0.486259066230533	1.29689197862536	-1.68610694430209	0.563924227074877
-0.784153599538189	1.13964081377323	0.154277666771976	0.221956253791022
-0.863547003975115	1.20155941568873	-0.849033524917897	0.866652245921663
0.0425770470953674	1.13964081377323	-1.6518779721176	0.227736040564826
0.358050821448398	-0.394681551086759	0.249677874801856	0.226382904128471
0.285373739307051	0.423079025732374	-0.255739968556131	1.12570521273441
0.6744561241854	1.13964081377323	-1.79262652300637	0.0588786157141566
-0.38879484694629	1.13964081377323	0.375135700651579	1.67111039835363
0.755063109718183	-0.485824391085749	0.890369476125127	-0.108490946069472
-0.519237277451849	-1.60111973801695	-0.863319141327427	-0.608461043022322
1.45981118656206	0.116759237199902	1.18476057293602	0.359922766438207
-0.96262956717063	0.628200025486564	-0.404604409683826	0.61147671440353
1.37201073184194	0.403413104541175	-0.165019153211716	0.268744478893744
-0.121579087148277	0.116759237199902	1.85895111555793	-0.649431969792006
0.0174406047092197	-0.394681551086759	0.159642340853905	-0.586595956031436
-0.637040940497119	-0.906122339373421	-1.85110796356255	-1.05765237220457
0.940463067738624	0.116759237199902	1.91118298281536	0.140168025835847
-0.680567060869784	0.234074548098673	-0.540423497211085	-0.307206569853556
0.892073357994341	0.11675974864069	1.83384840688768	0.510395232047275
-1.17528447330525	0.0395291209646751	-1.10288290049581	-0.357449724100887
-0.561795868343577	-0.587873194454163	-0.0767231459839845	-0.0622201514059606
0.0522035021812856	-1.45556164390742	0.00785733746227464	-0.385498777757634
-0.14131218842228	-0.906121827932633	-0.925641141003109	-0.659148609024858
0.397663940237693	1.30050377347224	1.94378210840071	0.478939928368591
-0.0376876633022988	1.37136031460384	1.15531979611709	0.379469581798845
-0.432712743962399	1.13963979089165	1.68292285692478	-0.169239914032481
-0.828481009032276	1.13964081377323	-0.720938988957576	1.08694417496008
-0.783863340693908	0.628200536927352	-1.23852562238838	-0.815081010937006
-0.206364185283626	1.1396418366548	0.199193431233353	0.4071997872021
-0.547787206200976	0.0132743080979793	-0.612363566063909	-0.218304317641729
0.519882899583182	0.219856494184304	0.862082534179885	-0.962078359882946
0.627426514707343	-0.906122339373421	-0.856787470757282	0.394743086058448
-0.707263991981002	0.993324764415448	-1.78303916426312	0.493980345534935
0.579487083389071	-0.626953919409512	0.772189145668846	0.514979373663953
1.23617594585308	1.04031747836559	0.476354219744146	0.922620494516739
-0.0384636722416605	0.628200536927352	-0.722286299564837	1.18195809102322
-0.562776236451006	-0.906122850814209	1.39442816342278	0.196680764735383
-0.966206382039693	-0.368676832765536	-0.338924004700886	-0.0325256002290543
-0.490221849224684	1.65108160205989	-1.80981734646288	2.12673825294407
0.495560849658894	1.13964081377323	-1.23221769926522	1.22960621851053
0.758967111027312	-0.394681039645971	1.36950094294625	1.00001170912974
-0.495879977512043	1.13964081377323	1.12876229032093	0.171476719450958
0.867175555232561	1.1396418366548	-0.282698026154449	2.13172414049667
0.754455326492949	-0.409322055092253	0.726792982277167	-1.22428673606198
-0.962867147939205	-0.906122339373421	-2.12130450310568	-1.25697061489254
-0.268298513619188	-0.137274936664448	-1.02628405882028	-0.607066242983916
2.50074849249501	1.65108262494146	-0.104367362419736	0.368144813431178
-0.865061697187132	1.13964081377323	0.121591674530735	1.99469126478753
0.270880518282136	1.13964081377323	-0.830635781409093	-0.348097319244724
-0.260536703584904	-0.906122850814209	-0.318808231775593	0.0129774960351623
1.80732646664194	0.122449015969591	1.05128293663343	-0.652337254372105
-0.798167423602781	-0.906121316491844	-0.527202216696448	0.0709945629991132
-0.862383189101533	-1.3549929501803	-0.601088449617593	-0.33160454613611
-1.24130082308015	-2.44044470423341	-1.49801518851236	-0.295522435021467
-0.87832598370719	-1.00178171297377	-1.03981814704022	-1.09722105389356
-0.67409215769503	-1.0588697566439	-1.0776393625501	-0.507743365521085
-1.15390458655904	-0.0919725345195916	-0.767994393220848	0.833147408004653
-0.193281227818135	0.628200025486564	0.692916302641556	-0.0829167962788596
1.1793300813882	0.116759237199902	0.0149593446620008	0.166470071684276
0.135373977589143	0.0228827461875207	0.475846181423335	1.0371434280335
-0.297924636925019	1.65108160205989	-1.65400313414351	0.983869139356573
1.37938738308148	1.1396418366548	1.06548519615095	1.06437667686384
-0.134444052677366	0.80351937050729	-1.19773777896371	0.0489701234684261
-0.994601320772107	0.0221135392419372	-0.855262478353881	-0.319793416063406
-0.190576513051657	1.39749084735898	0.0413242521655562	0.118008143805023
-0.322123594863359	1.29082731375786	0.452167559445103	0.235186093941796
-0.43252942955322	1.13964081377323	0.424425508341353	1.46332900384157
1.90808665448463	1.20326046775057	-0.0282353193394969	0.646477433125433
-0.429152209001155	1.13964081377323	0.339405426969833	0.481493291526559
-1.47373939085289	-0.906122339373421	-0.758995358647041	-0.628090612891501
-0.605229074120399	-0.676155034683477	-1.09722910961473	-0.177026139703659
0.758998876701105	-0.906122339373421	-0.128235072926699	0.0847916581028911
0.701336634419745	0.462634367739252	-0.837653115555351	1.01646024150628
-0.639883041802751	0.529190714722938	1.23641332915419	-0.206278426733714
-0.876031178489613	-0.261141292620382	1.71779192229586	-0.893713829525888
0.0108318886336129	-0.016145811807423	1.31859971491767	-0.281688830575686
0.335129770095345	-0.906122850814209	0.937890801542716	1.97433437155609
-0.934862265209572	0.628199514045776	1.68049761008761	0.712412875261225
0.228490550175458	-0.906122850814209	1.42751777850957	1.17403670919968
0.302800387949752	0.726823709895822	0.307568358865698	0.613399253401242
0.0701008122240149	-1.13939662020043	-1.2471109435455	0.192394424810338
-0.0773472393895168	1.30577468223632	0.898334007796972	2.37067606581978
-0.954712237691736	0.445552756851266	1.87591380436261	0.128737165615535
0.0468707073363537	-0.229638074384288	0.876877066351196	-0.816136918377289
-1.22475342181664	0.116759237199902	-0.741781721725342	-0.559306869383913
-0.453889065682385	-0.588615295037967	0.162217191376217	0.399504333777313
1.3660730656252	0.247670690014486	-1.8600135506732	-0.5047589057797
0.393335867183432	0.116759237199902	-0.160631509648307	0.52768820402826
0.0264903804588247	1.13964081377323	-0.846980313051408	2.37607558274119
0.323390368274313	1.13964081377323	0.0936368439921047	0.433930782025592
0.0063215600259649	-0.394681551086759	-0.0164898945340203	0.527248230663651
-0.701507787175808	-0.124726736923834	1.24419710798651	-0.472599472908974
1.19991397329195	1.13964081377323	0.475054729669671	-0.725838004866484
-0.424502508499742	1.40611220472713	-1.11842413493138	-0.0783327978360721
-0.545933149707273	1.65108160205989	-1.14240986124862	-0.435484075828699
-1.14803508418398	-0.906122339373421	1.03738471041153	-0.0139293163255056
0.853322147820622	-0.6711152971557	-0.0620593525169933	0.364833058176778
0.845989439096488	-0.906122339373421	-1.19512212743636	-0.0930669660512611
1.32152051691811	0.48324696582957	-0.74171810725512	0.418592133645945
0.26890284037459	1.13964030233244	-1.34211454825758	2.12041784156084
-0.435609376341376	1.13964081377323	1.65539490141736	0.201417100197352
0.667634313381434	0.11675974864069	1.40829304688787	0.707232843913501
0.608348315741368	1.41410551280726	1.61037033427588	0.807277604130761
-0.893465371479839	0.00465346217061905	-2.06924900148293	-0.340981147379718
-1.0943231681527	1.30461268876534	-0.575951959470057	-0.254933209843077
-0.00500290268114926	-0.195423708529487	-1.03328033438329	-0.274325826923962
-0.565016245881291	-0.906122339373421	-0.265018468078431	-0.313782117109136
-0.567658885226899	1.13964081377323	-1.74685700848255	0.947722599991335
-0.890628299739224	-0.877849892596934	-1.55519713899407	-1.2548350331462
1.43823461735229	0.112880981702324	-0.30923929929269	-0.306240575616323
-0.435414943946369	1.13964081377323	-0.498538852575685	0.114665176642558
-0.590750015291717	-0.725925383554805	0.197982562696707	-0.441435957618533
0.929136619676898	1.41574519197451	-0.491251705331587	0.793518020586217
2.00186315894399	-1.21049711858804	-0.0896456578488182	0.287291654152951
1.28918861999	1.13964081377323	0.399399575755858	0.851753857254406
-0.0487425148530969	1.65108160205989	-0.293884082342454	1.08243119076684
-0.225738863871666	1.46263817497094	1.57556883185938	-0.155583988384448
-0.591742957311689	0.628199514045776	-0.0680062086815777	-0.082437593268334
-0.5410396476595	-0.906122339373421	-1.68236816833495	-0.304328631486487
-0.927396273012483	-0.906122339373421	-0.0320157737526454	-0.188604469030884
-0.432133549843578	1.65108262494146	-0.940342664431749	0.70647473816485
2.0824393053018	-0.906122339373421	-0.689907411662602	-0.577341911637846
-0.46417968806452	-1.33100586576887	-0.855169908331696	-0.0289085982407312
0.195992942315738	-1.21854105930621	-0.680971991559017	-0.150563452750416
-0.460729538819705	0.794513921107138	-0.0610985546563918	0.401748011810762
0.656414942111784	0.255289623437592	0.995370204512778	1.00777517015237
0.0621949978018712	0.246842155937461	0.326763257494462	0.466163090406434
1.68218506530752	1.13964081377323	1.05855648354251	1.28502868823613
-0.832307713868509	-0.906122850814209	0.98648567598537	0.558142722214391
-1.19992113575706	0.116758725759114	-0.494355652757955	-0.370382192081699
-0.205718415606814	-1.08591781417323	-0.826399057692281	-0.769932699572725
-0.896567554239649	-0.906122339373421	-1.36189075152803	-0.547518217611972
-0.825973109086339	-0.415486962354261	-1.58050341396903	-0.647326454562608
1.94431342009065	-0.906122339373421	0.0123976557542179	0.0226511831009513
-0.203237913554523	-0.906122339373421	0.977115483881852	1.11968503699894
0.517949693618945	-0.0101374054266309	-0.881447510458877	0.00825046687605712
0.308288702239294	-0.469759013044088	-1.09443753117318	0.183049608170356
-0.116266542920389	-0.65040194523009	-0.240355357333447	-0.216093999124699
-0.447383190975683	1.21148699283016	-1.64090337920302	0.197309298113396
-0.830589720344219	1.65108160205989	-0.124602906037241	0.440169727465293
-0.671615361638015	1.2705788615088	-0.0099744566217929	0.178210187507437
-0.463751513253188	0.290399010671895	1.16528752552021	-0.280443217730876
3.97563825639436	-0.906121827932633	-0.234024182024623	-1.19327512826905
0.466451712694041	1.1396418366548	0.203840797323463	-0.506539129930546
-0.544799644580768	1.13963979089165	-0.70157211189897	0.233067406714499
-0.210918985834584	1.13964081377323	1.12968711310182	0.199938972954845
2.34587336163479	0.11675974864069	-0.979331315150335	0.322691255332974
-0.0907412357442275	-0.250534522112105	-0.629895275336721	-0.755802725174213
-0.237234464146339	-0.906122339373421	0.492247746728608	0.603116075084838
0.490251746712333	-0.906122850814209	0.437408124912536	0.0966766659029425
0.376202521595418	-0.567403799784566	0.184649847179059	0.00901029071139016
-1.44292179006588	-1.92900391594674	-1.04561803184257	-1.77234636560566
-1.25808051083327	-0.906122339373421	-0.668149069244117	-0.587900270171231
-1.374740609622	-1.47190678006027	0.212880194181826	-0.683326240690382
0.093314637203858	0.140391381704264	1.37574174183531	-0.424005395529059
-1.31707095535009	0.11675974864069	0.942066543112211	-0.225155188288179
0.334035707347134	-0.671343399747276	0.946540614611027	-0.222375896731463
-1.07706050980096	-0.906122339373421	-0.296555451371311	-0.502241765615954
-1.03011878535372	-0.377253183344315	1.60443312996195	-0.47118548756928
1.79416872748606	-0.713295353288066	1.73682449434543	-0.0976257658893719
0.437647129126675	0.628200025486564	1.81968738709569	0.552935774175308
-1.4416203239392	-0.0476265266488318	-0.705160406739997	-0.488389691738337
-0.197149228030298	-1.3039245645883	0.0619844772118563	-0.256047389056675
0.0588364395831594	-0.603251196076366	-1.23383219064742	0.675234052147588
-1.11993953692707	0.744813639623805	-0.440681272548164	0.314017494716397
-1.4940773634987	-0.906122339373421	-0.537042717159128	0.0223742847972896
0.340645879349456	-0.906121827932633	0.274643702681003	0.375983727093953
1.20769960758158	-0.501192163892187	1.60026835640456	-0.784238777856192
0.0910309499721077	-0.906122850814209	-0.796994255953063	0.150122333726444
-0.960042517754159	1.65108057917831	-1.87821430868456	0.348916846324032
1.99810660330405	-0.181884847981963	-0.585512556263758	0.213584303735003
-0.150406436115195	-0.906122339373421	0.254686307850539	-0.625319768594306
0.572960693351377	0.116759237199902	0.814691508746131	-0.0661740415579436
0.545112388922148	-0.906122850814209	-0.195782672290787	0.0804930052232877
0.215308060265416	1.18904497104014	-0.0724469374235855	0.440764042283546
1.24072359912744	0.318825912566444	-0.432175359798702	0.412973417498625
0.447018532323432	1.65108160205989	0.283415041323462	0.0430189575480424
1.65809715487048	-0.394682062527547	-0.258175744684922	-0.370292422052538
3.53560876031746	1.13964081377323	0.576340372996333	0.782463994044933
-0.0679186579799324	0.0129485203158402	1.86315625139987	-0.385927726732696
-0.700282161595304	-1.76295903818081	-0.850687939864164	-0.984555085732801
-0.29845327067972	-0.906122850814209	0.0744787978840215	-0.0445544977887645
0.785979845878818	-0.906121827932633	-1.61421776702545	-0.401097573095789
0.777487425347302	-0.906122339373421	-0.727537783761819	1.19527526724702
-1.26627327517534	0.481768390510633	-0.959922759645722	0.193258049716072
1.51339484868541	-0.467054514155628	0.708853262953965	0.506668415685163
-0.376625152602341	-0.906122339373421	-0.77167218704067	0.324509993260285
-0.633555849011132	0.459539128088541	-0.755976522994624	0.536543938659292
1.73239243337762	0.540545723104478	0.0485539270262118	-0.372665529282735
-0.375011588730643	1.65108160205989	-0.365077010210529	0.823566640793608
-0.18244502998861	-0.906122339373421	0.304247683520088	-0.734894469291587
-0.876274053537153	-0.906122850814209	1.0264311760802	-0.340229198108346
-0.831958026742841	-0.906122339373421	1.18848004520185	-0.0378561073353857
-0.678591633030798	-0.535377377622055	-0.192043896323647	-0.297876786472046
0.219708267870583	-0.906122339373421	0.457196173636062	-0.570214142687734
0.112027266207268	1.13964081377323	-0.772658869409845	0.505761122742914
0.614418206575265	-0.352188493191962	-2.55617082794363	-0.356772511600203
0.884536687173064	1.54331489067843	-0.525880790597759	0.292996704156067
0.64091091087539	1.51037043230094	-0.477234585858442	0.239556763288174
0.847208314471311	-0.906122339373421	1.16167203000916	-0.952389066863124
-0.922767881983906	1.13964081377323	-0.403292635435791	-0.836848166986989
0.520581744406622	-0.906121827932633	0.0996135331496204	-0.754544799374846
0.199212260997658	-0.566691362766482	1.63403228487571	0.257005365287815
0.537158661275366	-1.80591341566664	-0.184139030637665	0.270823363779563
-0.0719477366296203	1.13964081377323	1.08477792944771	-0.0229488418869351
0.50769811654418	1.01542360943653	1.45936098870048	0.547174743181122
0.331975703401673	1.42011545351042	-0.090769659729576	0.654333384481143
2.06620069285895	-0.906122339373421	-0.0691811021385127	1.0470406095419
-0.258121718234811	0.679398317038788	0.724302804808323	0.0389373562859951
2.29434057082568	1.13964081377323	0.493005855725466	0.0797363312135392
1.6500732780274	0.402846939588542	-0.778838247431104	0.00798731326585451
-1.33167138552406	-1.41756312766008	1.18509136818118	-0.600249447723336
-1.1174983448961	0.116758725759114	-0.161598010875202	-0.611833217658389
-1.54134706852784	-2.16858763720253	-1.14824045648487	-0.52771426194452
0.163716105888877	-0.748754054580768	-0.935617206095436	-0.469906085686382
-0.772642910568465	0.116759237199902	0.913277266212456	0.343711902719413
-1.30673837580716	-0.906122339373421	0.0404314559800213	-0.94550770017806
2.11842068107777	0.522990518046538	-1.10150487945465	-0.206815042474213
0.628117682826283	-1.41756312766008	0.0203156830547283	0.797655889187117
1.38016286259295	-0.685756312601982	0.503977816317136	0.119046584030701
1.56116618664652	1.1396418366548	-0.817904990395894	1.55740384235883
0.965871238992675	0.145696045560373	1.35748395016099	-0.0969461194325551
0.0160904312160536	-0.906122339373421	-1.36525266659916	0.394213629012459
0.709134313194019	-0.906122850814209	-2.82001293999227	0.734931264713129
-0.324129067735474	-0.906122339373421	-0.132778900982516	0.159753498146842
2.04860740678581	-0.906122339373421	1.57925320648647	0.950284124061046
-0.03736709471094	-0.906121827932633	0.432681350414769	0.128221739610787
0.47901463960815	0.960574142096722	1.89493672456153	0.291768129004192
0.0789431845951488	-0.258464922975278	0.262899155316493	0.019192817782979
0.495244781204657	1.13964081377323	0.00842986769427566	1.3612682120763
1.28651778860891	-1.41756261621929	0.948390260172804	0.433480929662558
0.187652070519608	1.13964081377323	-0.396856605931222	0.876086975764696
0.219171560340459	0.651813246681759	0.233088537129305	0.326914169224657
-0.556619651799049	0.509823474952098	-1.13332659234183	0.294421141189746
0.228993903748099	0.628199514045776	-1.30641542373022	0.299556072762053
-0.0586753763341404	1.13964081377323	0.4787658662463	1.22738745273398
0.971112178097555	1.65108160205989	-0.557781911892601	0.718125083958851
-0.750852320131512	1.13964081377323	0.0510616533144273	-1.07297341019572
0.357057614714478	-0.906122850814209	0.977604218501355	0.443610625568661
-1.17249081465215	-0.0293859909345881	-1.50873707842798	-0.721692977571074
-0.319952543416598	-0.129011076407311	0.474205366812081	0.000308468012332229
0.864883397154465	1.65108160205989	0.479215116022216	1.55342332186327
0.897009743701733	-0.252003380056064	-0.695712999831244	-0.534500417992595
-1.22927526548104	-0.906121827932633	0.312107799716672	0.889783419623658
-0.084877292362087	-0.658162036310764	-0.245849892678725	0.747278294656881
-0.875012691573632	-0.813123480753739	-0.87318333269626	-0.540207186082394
-0.799706338141065	-1.70141736812627	0.546156403677012	-0.414619487982587
0.775956055156543	0.116758725759114	0.337824278344444	0.81801836620027
-0.214158422776572	0.812296205875078	-1.09850578622402	-0.40736472379186
-1.07351665181845	1.13964081377323	1.20191673747428	-0.427743952150168
-1.51221040131236	-0.906122339373421	0.129492153011875	-0.140462821144026
0.46501722780835	-0.00400829901980355	-0.298905677005666	-0.635981212328641
0.932112004455486	-0.906121827932633	0.397386287453441	-0.964369428474054
0.914974688158247	-0.906122339373421	-0.0858441448524238	-1.14909825174983
0.587363514562957	-0.533644104790552	-0.511589470821931	2.49347717049447
-0.280707509372376	1.29641685013304	-0.983527237862108	-0.0465152642151622
2.71806223176226	1.13964081377323	0.0737136693594161	0.940961069852375
-0.509538555458053	1.65108160205989	-0.2488336306924	-0.880935273477049
-0.113175081075485	1.50063208825118	0.338059432524024	0.442215109660804
0.519843589561863	0.585427209480574	0.07249885233841	0.829614735437662
-1.22912239317591	-0.906122850814209	-1.00653461749937	0.183670410158298
1.11998544960859	0.473430371339196	-0.37269670758172	-0.0747485826686064
-0.308411015271901	-0.906122339373421	0.485691069090857	-0.49021014775233
-1.23432666939895	-0.906122339373421	0.958187327307538	-0.84276339626093
-0.673211851460049	0.399723059253686	0.22437686447271	0.034419933702154
-0.579086983444762	-0.906122850814209	-2.09342337760841	-0.104198163319367
-0.166707256335891	-0.394682062527547	0.610021822016435	-1.40506739614139
-0.171954680932504	-0.394681551086759	1.10275888849643	0.152514769431819
-0.729953683343264	0.747302310499608	-1.52454724852043	-0.285277484133748
0.0817392256737809	-0.285357502504968	0.422703530440506	1.03580432263838
-0.508199897021637	1.13963979089165	-0.280935685969047	0.939039533071895
-0.107677634154727	1.27079520096224	0.267110871965701	0.920171361950841
0.108213797068449	1.34630738758962	-0.429880851665852	0.466295239907096
-1.1795787953311	1.13964081377323	-0.059085266353974	0.0917676627293827
-0.151393025000408	0.581132129740543	0.794252837544397	1.45120761594879
1.00373234851533	1.41555698176442	-0.693041192081903	1.83523163091622
-1.03546322761238	-0.394681551086759	1.45366332577097	0.137839016163834
-1.11837216563934	-0.588419924656842	0.709924179656122	0.0195382963800506
-0.775512806838665	0.0552364904545347	-0.771580933179937	-0.292768055721646
2.38436806399263	0.252671558042353	0.0720237180539207	0.024641157000952
-0.547411312394429	-0.394681551086759	-0.739046299505779	0.84238541692254
0.633575157940851	1.65108160205989	-0.768511644671829	0.12109740683404
0.500080178540783	0.95720477018349	0.192099321002345	-0.199248302376723
-0.53634653407057	0.585518757381677	-0.339706243324381	-0.35658466745625
0.219866302097702	0.492382321189946	0.890601997981801	0.808734112115847
1.62127213574137	1.65108057917831	-1.33466068722945	0.672349957303239
-1.1010788004696	-0.394681551086759	0.838989604048183	-0.165169623507759
-0.383438889630885	-1.33602770286906	-0.901866000518332	-0.397990126982715
-0.527956954907958	-0.430213899852975	0.739770772923023	-0.708595286920961
0.229447226384517	1.65108160205989	-0.648676899269281	0.0159444885619414
-0.932103019369749	1.49883283955798	-0.242380491088942	0.548882807691302
-0.57951568768399	1.65108160205989	-0.253099748681659	-0.664222834867717
1.10837218398391	-1.41756312766008	-0.00499761144797877	1.96337827595571
-0.96523673484717	0.714169130471245	1.30105133426645	-0.426590113768983
-0.00822407436070729	-0.906121827932633	-0.560541025018316	-0.0689355795522742
0.961965384685909	1.13964081377323	1.71062147470058	1.19898891161123
-0.711872926534381	0.628200025486564	1.00767412049476	-0.387990576142813
0.700630774676675	1.20033502644157	-0.646901397469349	0.910558810136171
1.50100252991096	-0.436817623311333	1.4999128005046	-1.02213980682518
1.32347860599348	0.116758725759114	-0.1344719233314	0.0662771264906515
-0.652982146819086	-0.906121827932633	-0.359054694122646	0.0251979602599706
0.459788994972986	-0.162854136249816	-0.463674613129931	0.531441793907842
-0.252468354798521	0.139292295450236	1.1774685997666	0.0349200401006502
-0.440052997034058	0.506355906407514	-1.75941494362494	-0.369099354025436
-0.728870473866931	0.776357773122962	-0.844742399861032	0.320345494315807
-0.908497285389489	1.13964081377323	1.34790843687082	1.72269566464776
-0.0416117828714954	1.2953750452473	0.0694150860543186	0.478806490302917
0.218048114343989	-0.906122339373421	1.11431610221415	0.0519531514709084
0.49756473424732	-1.92864539595416	-0.583984492816968	0.879719870054832
-0.22278717099145	-0.906122850814209	-1.47519909100624	-1.17446379718241
-0.965743132630216	1.13963979089165	-2.52543012232974	-0.743625642638137
-1.07801453887053	-0.906122339373421	-0.169742856666091	-1.58146020600759
-0.454749121300324	-0.294922979568292	1.79624786778139	0.166972468865016
0.092720883817882	1.65108262494146	-1.7349378503653	-0.0077645349609328
-1.77072871962592	-0.394682062527547	-0.348166090422991	-1.01627082271777
0.44850251871745	1.13906493144561	0.949910426650877	2.6743759490333
1.31978730234179	-0.394682062527547	-1.42399075863866	-3.24834850669483
0.129968518765411	1.1396418366548	1.03100746945185	-0.449403727782496
-0.965619908287295	1.30694434731913	-0.722204258834274	0.890252314114089
-1.36376556932661	1.26103230775464	-0.0497106870456133	0.0443106723854985
-0.547562728772841	0.613393303224877	0.0165576033862783	0.796588098313946
0.182171300577591	1.65108160205989	-0.377011962265221	0.891185235182684
-0.350164346332983	-0.412349784558911	1.5513554096108	0.102941525816771
-1.14884418236688	-0.544019192621735	-1.05707521728986	-1.00390575286385
-1.25470924634504	-0.906121827932633	1.5844138755432	-1.08882719823234
0.979574818309891	1.13964081377323	0.52693605926016	0.186353488860794
-0.829164632803691	0.95907050617916	-0.815509137831173	-1.01729666364111
2.2145580368848	-0.906121827932633	-0.117056474986927	0.979635344249234
-0.463005549346955	0.520714095097874	0.722908551109242	-0.166600932888168
-1.17949143972817	1.13964081377323	-0.64678908502537	-0.105153276340945
-0.170332910928411	1.13964081377323	-0.176072277092979	0.02179643497641
0.309170332044017	-0.02936757906621	-0.382283188883994	-0.215691966840995
0.494569231208664	1.65108160205989	-0.887831332225816	0.873389866020959
0.94689257247125	1.1396418366548	-1.02182709742036	1.53741046763464
0.425654660771095	1.13964081377323	-1.44401747130564	0.87847883877451
0.905142153263599	-0.417149144916192	1.20344523964155	-0.96515158743626
-0.885304108097612	0.628200025486564	1.78428571505668	0.0187705979807557
-0.85486359232992	-0.545365816217294	1.37262331663296	-0.0802536187471018
1.32936174113687	-0.59326787188901	-0.213288497055024	-0.815357622892887
1.66662239993158	-0.713979149622005	-0.818730662347332	-0.546877800801072
-0.275810433686302	0.214557967617654	0.598060985453169	0.245603139845545
0.0350014633236945	0.0286185546281556	1.5170676488814	0.562291185683166
0.495072584781305	1.13964081377323	0.540997489502218	1.08296666111622
-0.349254524492769	-0.394681551086759	0.457970954011323	0.761621025456242
0.852846986283471	-0.167803348758066	0.700300407112682	-0.25725577669003
0.229805251999556	1.65108160205989	-0.851504837405916	0.177696479589371
-0.135158912694677	-0.189710914924325	1.62508501931905	-0.199248302376723
-0.658104626432115	-0.906122339373421	-0.00975290277722502	-0.666667529043018
-0.194223344760038	-0.394680528205183	1.66643442496361	2.00596005216412
-1.1833882937607	-0.906122339373421	1.40108837909482	-0.355846033356668
-0.37455005996183	0.628199514045776	1.27831990981381	-0.79933030810134
0.0684820864303269	0.465018704694245	1.29797853599447	-0.286997145729035
-1.16553347030667	0.760308761186527	-2.07103985849981	-0.849432865588487
-0.308491753026124	-0.18982905774642	0.571968962090843	0.0210812813948218
0.178367890568806	-0.754192204482621	-0.0339185044930216	0.113624731982417
1.53375452787497	-0.906122339373421	-0.316563737777952	0.0968685189158206
-0.829455685789817	-0.787157631932425	-1.29544609546145	-0.501182565176196
1.08360025270453	-0.763073373771218	-0.436503776096731	-0.297975146934619
1.22544682481564	1.03869774538909	-0.753726325630688	1.52678381515562
-0.869244309926818	-1.12353632991487	-2.05983844709486	-0.963798021478234
-0.971915997189991	-0.915146200641951	-1.90596250187509	-0.940961499642287
1.05989353035301	-0.906122339373421	-0.495290127389498	0.237183656057977
-0.674149203550883	-2.06825057500843	-0.276813029578151	-1.40459005439144
0.723252302197257	1.15148117946285	1.33491485228753	-0.743394846327122
-0.966999067957797	-0.906122339373421	-0.476057498799085	-0.029977964026694
-0.385498364148448	1.2695922922282	0.600268188209645	0.774443249541594
-0.00523810102418933	1.34749955606711	0.225296422607787	-0.582560886283706
0.49586884433771	0.404506564946532	-0.428742810729597	1.07645983732794
1.93509131556072	1.58152207476738	0.0734508757893244	0.45806274122014
0.923111200786311	0.72559164903684	0.553268940168361	0.377334429574174
2.43185006960828	1.58699858272836	0.0722066644958717	0.737455563571385
-0.294087872958751	-0.622205703131058	1.78961397533841	0.897681607276979
-0.144440048435072	0.678291559172936	1.42054475513222	-0.825905672906176
-1.07330329237614	-0.906122850814209	-0.344977031222669	-0.508686595109775
-0.084011413037286	0.877471662730388	1.3154567213682	-0.758960282148859
1.21256425580899	-1.92900442738753	-1.95685056828914	-1.33475799165975
0.186010579326367	-0.320113995595352	0.0500359248221523	-0.515304378662966
1.19618375668986	-1.27663612988848	1.89886283417546	-0.176396031412854
-0.278505089322746	-0.906122339373421	0.0525462834332732	-0.288553732263376
-0.907172789149305	-0.48696746124757	-0.341728744756969	-0.504700634006386
-0.875185417424881	-0.587266114238466	0.102147143946409	-0.291038801475715
1.57305197528095	-0.906122339373421	1.75478658841334	-0.639596209882501
-1.17727115148704	-1.41756312766008	1.38071814828864	-0.331150828078041
-1.35261872967879	-1.41756312766008	1.02320701924113	-0.696195282637832
-1.31388697598027	0.11675974864069	-1.65807753128113	-0.461239483764315
-1.5662280619539	0.11675974864069	-1.82516159540101	-0.782665439976697
-0.811766176196482	1.13964081377323	0.800986319537317	-0.269788932691053
-1.33849968181976	1.13964081377323	0.225426283871137	0.134561336295304
1.6658029779047	1.31006106748295	-0.595999291999801	1.09398389196772
0.82521971800105	1.12478652751823	0.756252185356437	0.730529097110906
-0.117797913111148	1.13964081377323	-1.84415380516603	0.393715956570096
-0.569173843152865	1.13964081377323	-0.463641270373125	-0.315260530699423
0.622986467652961	1.13964081377323	-1.10593069170019	1.78605354723814
-1.33371603606052	-0.906121827932633	1.80333320360272	-0.107259364265904
-0.434137566788978	0.628200025486564	0.120817771596444	0.660074514304591
0.436199011472648	0.116759237199902	0.394880754767646	1.20970776807554
-0.562150320320315	1.13964081377323	1.24440286789364	1.56709284903088
2.47598000249696	1.65108262494146	1.51540445952545	-1.13827115582453
0.139038015704162	-0.906122850814209	-0.0498142250799067	-0.0329912017200103
1.32794393322992	-0.145722404164578	-0.485614585828912	0.860318089844974
-0.522183543696126	-0.906122850814209	0.570383864981095	-1.84420677283992
-0.658885003151623	-0.208322756650865	-0.724583440020593	-1.16696807133447
0.674922682519231	-0.636080068835699	0.317130271820852	-0.947916600880809
1.15644542820303	-0.906122339373421	-1.43656843620284	0.366676422013205
-0.976586874807266	1.13964081377323	-0.494886065823466	0.655959124004454
-1.06031999971218	0.14909098951302	0.593204788412536	-0.385144422379369
-0.975194876510273	-1.4835200660399	1.08349511075163	-0.606396189177743
2.99742889121389	0.180836630682761	-0.0908609135903075	2.07656009964289
1.30554847142117	1.57706384541589	-1.78767775594355	0.451285605127147
-0.695193697724629	1.13963979089165	0.423283957641224	0.317496333900669
0.752545680070108	-0.789366544697036	1.76693651350533	0.0421861150287033
0.813387931012071	1.13964081377323	0.123428597198469	1.03394878902129
-1.37682457017978	0.116759237199902	-1.19645759259055	-0.766223493599108
-1.24447791988732	-0.906121827932633	-0.224668906417571	0.236738957954991
-0.518291322157696	0.95809416571432	0.0276576703593613	-0.320865931674954
-1.49222873364093	-0.906122850814209	-0.844559453419083	-0.480637541453028
-1.77072871962592	-0.906121827932633	-0.785780560374548	1.22461732430623
0.0599927101092152	-0.674607926298909	0.0901143572237203	-0.718705797525776
-0.837752217999612	-1.40504766012992	1.22166223031083	-0.522752427605473
1.15502616436937	-0.906121827932633	0.127676288927387	-0.459008405033205
-0.461675097042936	0.116759237199902	0.59902485435716	0.201829727348931
-0.689169470046809	-0.120329880466934	1.5002089368315	0.0358727191660937
-0.948890516184345	-0.906121827932633	-0.232279390658591	-0.275018359030898
-1.46277215961897	-0.394681039645971	0.836391940060688	-0.0835056704892851
-0.700645878560231	-0.146854222629057	-0.506817069393799	-0.0775807053908097
-0.929587839790234	-0.906121827932633	-0.228767433181831	-0.224546556080905
-0.700404062368484	1.13963979089165	1.25698931986751	-0.30800820046483
-1.07991200845175	1.13964081377323	-2.26294760506192	-0.0932751408876235
1.03488322416321	-0.35126073960201	1.0636373054711	0.168535211876636
-1.36859209874547	-0.906122339373421	-1.87509500604124	-0.0195110936091527
-0.107806946918458	0.524787720976578	0.964900189437697	-1.07315738864464
1.55404246958455	-0.365227676089331	0.697776448166549	-0.431249278504129
-0.729795119688249	-0.906122339373421	0.535205940389073	-0.763080969882934
2.11505351965573	-0.840213476427707	-0.496301816826277	-0.903552309739306
0.787190515121245	1.00173796538276	1.40522639070266	-0.0912460805155965
-0.397423595161167	0.628200025486564	-0.801200707956459	0.046802184422897
-0.594942025376566	-0.0841040179918012	0.182804150101642	0.190634817699682
-0.862789525012132	-0.432091398986775	-0.43917426768462	0.102983475766602
0.410508655149739	-0.611041462163549	-1.35719468746417	0.509423797202214
-1.09559750109969	-0.987941102361156	-0.392683496684631	-0.499919198769001
-1.02245465476635	-1.02901337774609	0.0721676183727685	-0.701841631345963
-1.35892223057204	-0.906122850814209	0.0377350798835594	-0.903962216586972
0.053122986080611	0.116758725759114	0.7077182930611	0.829483015458671
0.922958196124209	0.11675974864069	0.969089092621722	1.14456593881317
-0.314802004125053	-0.906122339373421	1.16380552772428	-1.75771399402641
-0.704735444347099	1.65108160205989	0.733336937020873	0.247287723837731
1.41891460219456	-0.906121827932633	1.84396837229885	-0.301824520146749
-0.532653774492164	-0.0791946978650377	-0.39008012933084	-0.860453103091681
-0.492640275856105	-1.15523645285445	1.10398686713197	-1.20335113396633
-0.371822050367903	-0.906122339373421	-2.32905927228092	-1.21298387329952
0.507823326241713	-1.82435648193305	0.874080223263832	-0.182779296133885
0.314509082952784	-1.66008221217616	0.888849748367537	-0.126830232840097
0.307630358649939	-0.673677615505016	-0.533710635080926	-1.12080036187191
0.732374874282637	-2.22813192640249	1.44167441109671	0.309770098089488
1.00204903251826	-0.906122850814209	0.708028907163979	1.23371745676785
0.853377605392785	-0.906122850814209	0.454072045067415	0.359581726231731
0.646900063955063	1.41985308438603	-0.635606977321724	0.993653070317823
-0.47695703327673	-0.823319564309022	1.5203273420797	-0.0882470170374111
0.986090619789655	1.65108057917831	-0.519570673872181	0.720657257381068
-0.187844929819429	-0.906122339373421	-1.46643213956863	0.080950875324173
0.436236865567251	-0.30067617699573	1.42513859732325	0.055497421123006
1.61236821737726	1.01508963860177	1.13232470065339	0.878876719015397
-1.04583564660453	-0.354163677516325	1.17782264719742	-0.365630966535149
-0.475682700329744	-1.54632857492702	-0.137843928973671	-1.62164954651063
1.28958555855544	0.11675974864069	1.95683097176502	0.298764464323094
0.584435645938085	-0.113761957863757	1.12812044225241	0.121836040933622
-0.700771088257765	0.116759237199902	0.0527972315502877	-0.230893025112152
-0.458953705297717	-0.394681551086759	-0.0418036277572105	-0.355944680167021
-0.155973502804348	1.13964081377323	0.6400509230048	0.600946990648188
-0.314802004125053	1.13964081377323	1.13357242171071	-0.15951067549729
-0.239180376380093	1.13964081377323	-1.05308066728038	0.166911333613897
-0.373716475738718	-0.906122339373421	-0.55601562322284	0.335680133826528
0.112642858493976	0.419587419470741	0.442426648532357	0.349809821877259
-1.22914383500572	-0.394681551086759	-0.738669877330255	-0.755247353654096
0.315628425883056	1.13964081377323	0.943467377618559	-0.31725465664224
1.0019925160903	1.23310201486552	1.73713247612541	0.703730237863454
3.25660264126337	-0.0199407024565099	-0.212208367222697	-0.512756169765045
-0.222577649901392	0.116758725759114	0.132707096720769	0.420200262780761
-1.18836438656033	0.809552837486708	-0.185849163085437	-0.153352336957777
-1.03350818274741	-0.394681039645971	-1.73117143500765	1.47246220947183
-0.94738389674775	1.13964081377323	-1.37866654540641	-0.757344564797862
-1.21176377601791	-1.41756312766008	-1.46084986012649	-0.826764286725753
-0.711872926534381	-0.394681551086759	1.33916561505984	-0.137753398445732
0.794771657885831	-0.906122339373421	1.11018072292921	-0.0400810295892172
0.466645615661151	1.13964081377323	0.351697936219224	0.585997488902126
0.848590650709192	1.65108160205989	-0.0248492746417274	-0.394369831994918
-1.72538547035534	-0.906122339373421	-1.63302088826174	-0.711788351020379
2.24999304307153	-0.906122339373421	0.806606328941105	-10.7225351027897
-1.83743716401859	-1.04246631624119	-0.758088523406008	-0.510008233290284
0.00842352113222578	-0.906122850814209	0.176459374457803	-0.93125488258175
-0.664955952841314	-0.906121827932633	-1.52971186606152	-0.448882861169919
1.16162680666955	0.391130854010471	0.277194423576678	0.297861323423662
-1.08316732823064	-0.906122339373421	0.647742131814932	-1.10771970891473
-1.61677108731041	-0.906121827932633	-1.85444794260947	-0.577204321529356
-1.21018899273964	-0.906121827932633	-1.38454189013205	-0.77499017407043
-1.11379393790396	0.750354589124103	1.44169810200286	0.145058273229789
0.393046005410073	0.547548881818487	0.373340017709371	0.0543583296525116
0.861937263267162	-0.906122339373421	0.892724966405292	0.384865376199112
0.73787827726723	0.844986989621573	1.46756725535917	-0.713451029407364
-0.683559254984087	-0.906122850814209	0.986860781999441	-0.0644822988712462
-0.975843160969594	-0.784135016873651	1.38670054081245	-0.539869152527613
0.140614387266127	0.186683421774455	1.1085973807014	-0.0242593125040089
0.548301794927914	-0.906122339373421	0.710785387966788	0.258283764953482
-0.879790645982984	-0.67224660417939	0.598002196908274	-0.342360914159652
-0.000801627608110134	1.13964081377323	-1.45694261549338	0.29536093460507
1.01264937021987	-1.41756312766008	-1.11592298945043	-0.700678916183584
1.87125104679759	1.0775836114041	0.533382618056354	-0.0535587037439414
1.3312228125502	1.13964081377323	0.257952143135611	-0.197914637589437
1.30799575187295	0.651503825004845	-0.571917047176019	-0.774961109770718
-0.121067130372318	-2.44044470423341	1.07235248789157	-0.590922241471849
0.26756179951264	-0.775255381907418	0.864370900225955	-0.537983838741354
-0.405977164614735	1.13964030233244	-0.476019768837436	0.328146180549896
-1.26017704530359	0.116759237199902	-0.645021918914639	-0.308736955565988
-0.872018909175641	-0.710025200887761	1.21302514013656	-1.72557217154417
-0.997508938779936	-0.767412437419042	1.21768435167975	-1.84364352675584
-1.03599305257985	-1.41756261621929	-0.610427931287212	-0.571715034578784
-0.355041700829911	0.739763161839475	-0.739570131764023	0.727259721328007
0.142798012625431	0.832745142913143	-0.089881689469367	0.654450357549443
0.0937438708709822	0.381746426986199	-0.169573510559155	-0.611742445411997
0.118287089299051	1.65108160205989	0.417486705161783	1.33484103224783
0.694119473334032	1.18335774947439	-0.48001651244934	1.43479802687039
0.326466741424167	-0.906122850814209	0.197513131778515	-0.627824595803494
-0.0441882437300355	-0.906122850814209	0.530674835227301	-0.865688113213245
-0.00568904123507256	-0.695898694874495	-0.0513940575438438	-0.969543446518388
-0.0690309859905758	-1.27279827821318	1.00411302632376	0.117171149242868
-1.03796848041883	1.36812903170344	-2.28670080952249	-0.740915647244282
0.359662399965483	-0.906122339373421	1.67960218157917	-0.32988273693247
-1.21063807995288	-0.394681551086759	-0.578178027207357	-0.337102996215656
0.373882039124858	-1.17821037306429	-0.769570277200426	-0.748833020198891
1.62737643938854	0.36018817487834	0.575552869727029	-0.226302154322635
1.43090045270144	-1.41756312766008	0.730024597364466	-0.672066759616649
0.958962204942752	1.65108160205989	1.26046179250068	0.941745233249045
-1.11089307010182	1.13964081377323	-0.316690966718399	-0.00769967718866856
1.18800488983007	0.116759237199902	1.56730289921483	-0.570637364707189
-0.624859466382471	-1.01411766478724	1.79150178958232	-1.05084989433301
1.06738930286927	0.233909864164845	-0.787592037254192	1.2651776283588
1.47731208746725	-1.41756312766008	0.434687180468953	-0.321546150827332
0.684223936519696	1.65108160205989	1.10666525568857	0.469949323932983
1.42746870107603	-0.640427315536135	1.59111138245641	-0.268060967010133
0.572881014452947	-0.906122339373421	-0.217726154753643	-0.477033281940934
0.50021253551492	-0.906122339373421	-0.364744898803919	-0.974747244731886
5.35476232287004	-1.45268120938779	0.310250257186179	-1.15191648660469
-0.0257977716016738	-0.906122850814209	0.654770433973296	-0.0408795103749067
2.87576080159476	-1.18169072762858	1.00151316873384	-0.601605590811386
-1.32446798956366	-0.811253653231764	-0.528136252607507	-0.625429726141986
-0.434983724924632	-1.41756261621929	-0.46780165672567	-1.64414731892235
-0.277606385468359	-1.44836106904913	-0.959870990628575	-1.57934194830197
1.09742189444268	0.628200025486564	0.898254599389314	2.0053272235694
2.47141315746136	-1.00484780049955	0.86138803965325	-0.224620290634362
3.51702187043948	-0.906122850814209	1.58303058985623	-0.0943508063247559
-0.398709575521877	-0.906122339373421	0.786308925735313	-0.727959841919365
-1.10453755291773	-1.92900442738753	0.0203700843947804	-0.917269227464568
1.1978523810628	0.982941493531652	-1.55721656938327	0.338228342724449
-0.654493928177673	-1.92900442738753	0.948934712293811	-1.49049324312508
-0.493778545833679	0.89461720371691	-1.23982028653753	-0.118831966637521
-0.495886065932853	1.48009262619358	0.00527151892785428	0.187684719691947
-0.190030143462421	-0.906122339373421	-0.413327050352528	0.480303946020602
