0.277283265373072	-1.8110639908976	2.25669790744172
-1.57255294310233	-0.963774842700178	-0.535927427638871
-0.832360921117243	-2.5074852881235	-0.562967061770643
0.277283265373072	-1.8110639908976	2.25669790744172
-0.832360921117243	-2.5074852881235	-0.562967061770643
-0.278011840706319	-0.963775357270326	0.955422950014954
0.164055536623288	-0.715695942989314	2.15817606117382
-0.57767082074284	1.09450575119758	-0.789769687998587
-0.725970480264193	-1.47834447660447	0.906524647931887
-0.731372681008496	-1.47834499117462	2.38067919136473
-0.725970480264193	-1.47834447660447	0.906524647931887
-1.28293337891714	0.579935602723141	-0.226155886677976
0.266722690738304	-0.963775357270326	0.388992385768499
-0.799407412110419	-0.35182898303888	-0.484558859226996
1.80495015089711	-0.963774842700178	-1.5656325418293
1.72562209760025	-0.963774842700178	0.00507021472100435
-1.01313094082188	-0.368620436123898	-1.06359767141539
-1.44400649662723	0.579935602723141	0.732643554181535
-1.00174949183104	0.0653649396785534	-0.793437105444967
-1.00755938458961	0.0653659688188495	2.1985792843298
1.24985635682753	-0.963774842700178	0.870621939004197
-1.72591679628019	-1.47834499117462	-1.09667537602972
-1.85759399645187	-0.963774842700178	1.52220646063998
-1.47190468096819	-0.328105240913615	0.826720067685401
0.316126769609502	1.60907589967202	1.88607876913621
1.65282316996972	-0.963774842700178	0.26115305752256
-1.2837618552652	0.0653654542487015	-0.848068188351154
-0.43829097258751	1.09450575119758	-1.06303367385207
0.37057082838498	0.614160177868325	-1.13170557284388
0.784586855313018	0.433687047974478	-1.39757667577077
-1.3804142851711	-0.963774842700178	1.82992087961165
1.62799112239352	-0.96377432813003	2.33381687032029
0.409974486808141	-0.765963786223633	-0.984246367482503
-1.00906035567252	-1.47834499117462	1.45226717957608
-0.945471804434762	-1.33533308265986	-1.34951397871798
1.25593921740919	1.60907589967202	-1.05592099810115
1.12358107584489	0.910070431160481	1.58099084453503
-1.11372472201351	-0.449204694225738	-0.889717294307431
-0.305337763984433	-0.963775357270326	1.52458965491803
2.08417962215653	-0.963774842700178	-0.126461255133875
0.595219827346194	0.244373088359692	-0.363972310319811
0.434678567519365	1.09450678033788	0.858033040406869
-1.56138364599874	-2.5074852881235	0.232826333652887
-0.0167051917578229	0.579935602723141	0.678575035553883
-0.484596958172112	1.09450678033788	1.952611848906
0.328994971142708	1.09450472205728	0.587957754881217
-0.581276417382833	1.09450575119758	1.53929049864765
0.560585011113403	1.09450575119758	1.86743782552967
0.268473964446	-0.963774842700178	1.82320522374648
1.37707738192337	-0.963774842700178	0.437103456182814
-1.46414924137357	-0.963774842700178	-1.23764108466777
0.530294733296465	-1.18829775015418	1.09884136724318
-1.46414924137357	-0.963774842700178	-1.23764108466777
0.38930917550207	1.60907589967202	-1.21089312398996
1.16456468160097	0.0653649396785534	-1.49238523947912
-0.582348298251836	0.0653654542487015	-0.653892856993513
1.31614122199805	-0.96377432813003	1.53060264291683
-0.434749148213561	1.60907589967202	-0.777209455096981
-0.855102280121658	1.60907589967202	-1.26053780912538
1.11061841252247	1.09450575119758	-1.27796977701487
1.10943700665792	1.09450575119758	1.89445990192281
-1.14987529098029	1.09450575119758	-1.14350580648767
0.0857402375911463	1.09450575119758	-0.356663991195595
-1.68626156823358	0.0653664833889985	-0.624081966727856
1.44281560755957	1.5252627138885	-0.687301650393424
-0.0248942264504814	-0.963774842700178	-0.772345244854226
0.93198215934416	-0.230314786187088	2.30537942520089
0.117702249755262	1.09450575119758	-0.903930104567387
0.365397672843444	1.32937203320607	-1.34815594138317
0.234523327491296	1.09450575119758	-1.12007590008964
0.475971461726872	0.540997565017932	0.136021920879916
0.836403158861177	0.343047060031151	-1.29510183006287
1.10360923514044	0.0653649396785534	-1.09067743752117
0.0159577522222592	-0.963774842700178	1.80009744810412
0.595878666651018	-0.963774842700178	-0.991469764483144
-1.00327918155032	1.09450575119758	-1.3104605515093
0.360412455436939	1.60907589967202	-0.187213180719012
1.79567741001459	1.60907692881232	-0.457640337659646
1.75478193105442	0.371079812579741	0.549357603986128
1.41462390186165	0.293206824590214	1.30124375327291
-1.85759399645187	-0.449204694225738	-1.3785254543942
-1.0074269128405	0.0653654542487015	1.85460956837306
-1.0074269128405	0.0653654542487015	1.85460956837306
-0.728618507470123	1.60907589967202	0.905205667607498
0.275885906625276	0.935481448802594	-0.754555314089413
-0.126431499313249	0.451227715195674	-0.150821363358073
0.538226004149993	0.0653659688188495	-0.479545945687685
2.09150949097796	1.60907589967202	1.68026731524279
1.80771319342613	1.60907589967202	2.31273217615347
1.38585993510089	-0.697356662897685	2.34361050526356
1.07220456161047	-0.140046832461107	0.0637944006550374
0.692011908660303	1.60907692881232	-0.314049567935894
1.59959866779631	0.941072768035917	0.598650417706564
0.651704035524559	0.780032894369357	-1.44870086912661
0.208729487152157	-0.216530995619902	2.41104046298824
-0.0468842552476641	-1.06705164434974	1.22788107149746
-0.0149619423749933	1.09450575119758	-0.776866900033108
0.817180959032403	-0.963774842700178	1.51196456587986
1.34161986122533	1.60907589967202	-1.3470619867702
-0.449817704091726	1.09450575119758	0.186793167857192
-1.24247402905234	1.09450575119758	0.239686751281455
-0.48204719375139	-1.71868784327332	-1.28851588647084
1.52553612016576	-0.963774842700178	1.7456243848456
-0.309040074855711	1.09450575119758	-0.567071631076778
-0.875905412726752	1.09450523662743	-0.952439628152231
1.26089275984912	1.09450575119758	1.62583796717024
1.8974079705623	1.09450678033788	-0.0103221889178937
1.52618369726025	1.09450575119758	1.06085072070337
0.273397943583787	1.24858297618513	-0.926921784142076
-0.433320536832074	-0.44920417965559	-0.524769305579246
-0.9981947159152	-0.96377432813003	-1.68242554422893
-1.50963519726788	-0.237228550701989	0.254464275747126
1.70068911246389	0.653663213596559	0.600490755371889
-1.85759399645187	-0.449205208795886	0.182990304998528
-0.731372962563755	1.60907589967202	0.138343842233364
-1.92174495431843	-0.963774842700178	-1.00987206617281
-1.57603873797984	-0.963774842700178	-0.209309773944796
-1.57603873797984	-0.963774842700178	-0.209309773944796
-1.92174495431843	-0.963774842700178	-1.00987206617281
0.254069878977829	-0.963774842700178	0.810326514623427
-0.0838594995665034	-1.44120486156818	-0.289489874805234
-0.0838594995665034	-1.44120486156818	-0.289489874805234
-0.28970342281437	-0.96377432813003	-1.66556904018105
-1.00347584789836	1.09450575119758	0.758215146371165
-0.590595614882998	0.0653654542487015	-0.453183538617333
-0.723878243138488	1.09450523662743	-1.25538264207105
1.31485620379838	-0.370377693180939	-0.810232694889437
-0.544194885953921	-0.963774842700178	0.343283142334459
-0.215706336781414	1.60907589967202	0.46755789131742
0.743725726094377	-0.781601058465623	0.592783624755945
-0.177172261774045	-0.465487752004063	1.37544884818139
-1.14611849916649	-0.963775357270326	-0.265717055022131
0.425009537610547	-0.26148384379063	2.39461681094576
-0.731372962563755	-1.47834499117462	1.80233982215194
-0.862996526458697	-2.5074852881235	-0.410794141069048
-1.1537058502718	-0.963774842700178	-0.461738098863047
-0.916961237406626	-0.96377432813003	-0.150432943181046
1.76251188989814	-1.12328129732428	-0.1601878794351
-0.449817985646984	-0.963774842700178	0.861611952517709
-1.28485034789445	-0.695481569276644	-0.226068456306025
-0.323343645096607	0.0653659688188495	-0.926526197541119
2.07322430704939	1.60907589967202	1.11960034744235
-0.164134845530497	-0.963774842700178	-1.29273153534789
-0.164134845530497	-0.963774842700178	-1.29273153534789
-0.856656042815536	1.09450523662743	1.17414185004941
-0.725250684245909	1.09450575119758	-0.392468520115438
-1.27780034499994	-0.716653558035625	1.2452972732543
0.817180959032403	0.0653654542487015	-0.221847432611022
-1.21144663956872	0.579935088152993	-0.106760397428023
-0.933990262549531	-2.13320028949003	-0.106047338246948
-1.56263938245153	-2.5074852881235	0.757274911551498
-1.57603873797984	0.0653654542487015	-0.665527904565705
1.803625433406	1.60907589967202	-0.659453643642302
-0.76279692262893	-0.689935017646239	1.21799104815232
-0.574875821691988	-0.963774842700178	0.169325009526855
-0.580643481161788	0.579935088152993	0.22956023594661
-1.43257352302408	-0.44920417965559	-0.221849582538201
-0.0222874470899187	1.60907487053172	-0.825662005611577
-0.0309931356818734	1.09450575119758	-0.566976675959699
1.7572313210255	-1.90659857009321	-0.656811383139166
-1.29073851301488	1.09450575119758	-0.488025975124521
1.53745956302917	-0.963774842700178	-0.823000754085025
-0.577508363358702	-0.44920417965559	1.87144349818556
1.47405050326868	1.60907589967202	-0.263124601165311
-1.00840433192028	1.09450575119758	-0.940283223239101
0.687032040803708	1.60907589967202	-0.379637396389262
-0.152438476983052	1.60907589967202	0.50705384520381
1.67046007291567	-0.963775357270326	-1.1816591308507
-1.1430387069717	-0.96377432813003	0.16288741091018
-1.64843278914869	-0.963774842700178	-0.587450074165248
-0.465457254034072	-0.963774842700178	1.92261427329696
-1.17584144313761	0.0653654542487015	0.330224484648493
1.88094613848759	-0.599134483816587	-0.254253643303071
-1.42347928817543	-0.963774842700178	0.818897557644179
-0.451964140604687	-0.963774842700178	0.531533632707646
-1.29448376106307	-0.449204694225738	-0.271007667488745
-0.718858675990448	-0.96377432813003	0.543575733159085
-1.57603873797984	-0.449204694225738	-1.19130370417623
1.08101710042301	-0.44920417965559	-1.37386047073671
-0.310325656165895	0.0653649396785534	-0.332498809702303
-1.70277774047318	-0.920659009959504	-1.27835174741036
0.29881154354636	-0.454886577805193	0.510797226743851
1.09873621750443	0.0653654542487015	-0.0924888224918379
0.690662414306446	-0.963774842700178	-0.831073730642615
0.80762187645202	1.09450472205728	0.114859829334655
0.179451541267055	0.0300036790753895	-0.596614855408635
1.3691911599112	-0.449204694225738	-1.16336396719879
-0.925497429732981	0.200779219951086	0.94326296188986
-0.89135294198282	-0.963775357270326	0.628508606370161
-0.43735128191236	-0.96377432813003	-1.18520471909026
-0.973483737100144	1.09450575119758	-0.546402231176732
-0.911833975372221	1.60907487053172	-1.27596532824154
-0.29620622306404	-0.963774842700178	-1.16195397329049
-0.040077516096473	-0.96377432813003	0.310326191963357
-0.0591176904506449	-0.963774842700178	0.0831623779693224
-1.27991102399508	-0.963774842700178	-0.480079127628106
0.00241029862798915	-0.0575154409174405	-1.27007596105554
-0.59059533332774	-0.449204694225738	-0.800186085181417
0.254070442088346	-0.449204694225738	0.645661800368758
-1.5668698909877	-1.99291513964906	0.0539430759991187
0.709792827120957	-1.75597102338103	-1.12474124206832
0.709792827120957	-1.75597102338103	-1.12474124206832
0.379288342297792	-0.963774842700178	1.02624692611306
1.94340199292052	-0.963774842700178	-1.46147860299451
0.0873749474218348	-0.056347366680403	-1.66375987645982
-0.369351885995376	-0.963774842700178	-1.05282366967843
-0.715337968260885	1.60907589967202	-0.106020105836013
-0.867637401784092	-0.96377432813003	-0.553668626720957
0.960708679255543	1.09450575119758	-0.457332539751836
-1.57691592338761	-0.96377432813003	-1.6676953181612
-0.00244441791621432	-1.21018962255088	1.92140314765272
0.701860993156913	-1.09967281891228	1.07769719175775
-1.57691592338761	-0.96377432813003	-1.6676953181612
0.261622035675825	1.09450575119758	-0.565775941630162
-0.573711309142948	1.60907589967202	-0.675166028109694
-1.1492002622481	1.09450575119758	-0.972853903360353
-1.14249924709646	0.579935602723141	-0.0178394092996817
-0.0711013861393603	0.162384053752517	-0.918687563046052
1.12329642347858	-0.449205208795886	-0.908820113936291
0.0582817017862913	0.804031416953908	1.40371107423568
-0.412596239699353	0.373344950373326	-0.521389620053671
-1.28386307438062	-0.963774842700178	0.424242591797327
-1.43142224357219	0.0653654542487015	0.544535317323365
0.105128414244789	-0.882600372638038	-0.229944058367582
-0.619419552913814	1.09450575119758	0.905904752261907
2.18884131372256	-0.963774842700178	-1.28779100269028
-1.71681636721586	-0.449204694225738	-0.0154189496171914
-1.71681636721586	-0.449204694225738	-0.0154189496171914
1.5258646951524	-0.963774842700178	-0.447241498215447
1.68263058051838	1.09450575119758	-0.743372826188425
1.39978861451513	1.09450575119758	-0.246243014633677
-0.909922919055343	1.09450575119758	-1.21570681094401
-0.41820580589152	1.36334549811879	-0.753755182857584
-0.163491491764889	1.09450575119758	-0.513715454987808
-1.05239170995137	0.372965197603752	-0.92081599095338
1.91997166819862	1.60907487053172	-0.481235430129275
-0.671171521085412	1.09450575119758	-1.31016421987977
-1.1537058502718	1.09450575119758	-1.01919630034865
0.875810618280326	-0.469465379251771	-0.608957945665151
0.338383149681199	0.0653649396785534	0.735174376792553
-1.42705757395536	0.0653654542487015	0.257280680351771
0.362437119300612	-1.06243131898659	0.406568757100187
-0.326122877052985	-0.963774842700178	-0.374518419775781
-0.540216369374082	-0.963774842700178	-0.461738098863047
1.63106880292388	1.49232199126376	1.71601809598315
0.388884449394665	-0.0976019991940444	-0.579951128164484
0.264295965965534	0.579935088152993	0.257894484561409
1.12345113809311	-1.1398200964664	0.0714029929419376
0.391690851433484	1.09450523662743	-0.0384486112387114
-1.01292850259104	0.579936117293289	-1.43720341689389
-1.57603873797984	-0.963774842700178	0.935777990415759
-0.346926572768595	1.09450575119758	0.216332092334691
-0.586937085854413	0.579936117293289	-1.19865538016522
0.662533073098282	1.04391938904136	-0.678055530238428
-0.509196441104813	0.0653649396785534	1.98812577933547
1.10834358681164	0.579935088152993	0.0562395565476143
-0.862595028660116	1.60907589967202	-0.089194417411035
1.09873621750443	-0.963774842700178	1.78307754959063
0.969752234157665	1.09450575119758	-0.768090180645554
1.02392656299553	1.09450575119758	-0.517900646563158
-0.156823840911384	1.60907589967202	-1.25797760417624
-1.66286671947425	-0.96377432813003	0.278229570785101
-1.49943388714292	-0.963775357270326	0.702201660288805
0.664721461344756	1.09450575119758	-1.45713109191714
-0.574449406253032	1.60907589967202	-0.111513528099857
0.295604488374735	-0.304609967934272	2.32982553051225
-0.0210319921923917	1.60907692881232	-0.661578846658861
-0.436472125617781	1.09450678033788	-0.9813328578336
1.41772523303372	0.0653654542487015	-0.537067964007393
-0.867425531452092	-0.963774842700178	-0.146303649712353
2.08360074454511	-0.963774842700178	1.71594320685308
-0.587165567946663	1.09450575119758	-0.487779450141315
-0.892745795846481	-0.963774842700178	-1.54796264866532
-0.857663588307979	1.09450575119758	-0.402965539567483
-0.168262445619697	-0.963774842700178	0.645661800368758
0.986303741582201	1.35750512693361	0.934181311164067
0.520583188543619	-0.64988705213077	0.208016532327056
-0.867844204121439	1.09450575119758	-1.1560839554491
-0.479241777155974	-0.449204694225738	-1.5660446112053
-1.42917092772545	1.09450575119758	-0.800186085181417
0.681174846761714	0.0653654542487015	-1.05459520967403
-0.449817704091726	-0.449204694225738	-0.93799355079334
-0.86747747839728	0.0653654542487015	0.156459845287009
-0.156851151771455	1.09450575119758	-0.221848865895808
-0.491105248749323	1.09450575119758	-0.712558994893709
0.771695003138101	-0.842524620334552	-0.149490558434199
-1.27826505195405	0.0653654542487015	-0.895367302934154
-0.265927207457441	-0.597566588574186	0.325789543199168
0.549923498918472	-1.75912070725984	-0.917010619846339
0.691166116663853	-0.963774842700178	1.96675191996306
1.65410762505887	-0.208446584017221	-0.294920590859687
-1.85759399645187	-0.963774842700178	1.83965180834554
1.94340199292052	-0.963774842700178	1.52220646063998
-0.719848905834495	-0.963774842700178	0.566993814957634
-1.11495019127601	-0.963775357270326	-0.125751779164766
0.133230866925769	-0.429135943865086	0.964508542273909
-1.29448347950781	0.0653649396785534	-1.43720341689389
0.0340834350969131	1.09450678033788	-0.972141919142869
-1.02387199237733	1.17399346031302	-1.17832244386871
-0.309040074855711	1.09450575119758	0.415116509243165
-0.0670012376878613	1.27641247352508	0.331968075590758
0.406620178236334	1.60907692881232	-0.500874298268129
1.23951384674045	-0.963774842700178	-1.67605459335481
0.186580520411567	-0.269940289610659	0.642830346273859
-0.861406020803589	1.09450575119758	-0.117091155844884
0.746645031791845	-0.44920417965559	-0.386896267188359
-0.44440874602122	-0.400800624069193	0.598506730906759
1.34550363446069	-0.121306702223817	1.34199347302593
-0.720651338321139	1.09450575119758	-1.45740520763247
1.36133985075108	-0.242757092377199	-0.754226733552204
-0.162940065791171	1.60907692881232	0.0743043196701578
-1.13714674085528	-0.963774842700178	1.0695994910376
-1.38939899502421	-0.963774842700178	-0.220366491105806
1.04657937287115	-0.595758389072446	1.5187346865669
-0.575711196143875	0.183398584046065	0.365233182190865
0.552284198983131	1.09450575119758	-0.65199662122153
-0.449817704091726	0.0653654542487015	-0.221847432611022
0.742257556199075	-0.963775357270326	0.663293711485905
0.316677773250332	-1.19028296178699	-1.22184198647082
-0.684576085386006	-1.47834447660447	-0.120418884796962
0.119055685882737	0.896623169470399	0.283099872488198
0.151390899541957	-0.217822052122425	0.196675666457206
-0.434451825860615	1.09450472205728	-0.258312347496051
-0.996177372488248	1.09450575119758	0.502389578188712
-0.863572447739902	1.09450575119758	-0.780901955027117
-0.0144367010403135	1.09450678033788	0.0215275489559603
0.487868719951237	-0.748990689876204	-0.204993795132715
0.193881811374264	-0.0715822450662859	1.76644463796938
0.599496651722384	1.09450575119758	-0.351515632243999
0.767125502070729	0.45011624367497	-0.603175358195714
1.06528773435321	0.663921169506396	0.677945465211598
0.825666471412234	0.579936117293289	0.605809316891831
0.0224675913533909	0.579936117293289	0.651814175313002
-0.995123229600529	0.0653659688188495	-1.03861695087882
-1.0080119846676	1.09450575119758	-0.380944910435363
0.190875082769041	1.60907589967202	-0.579020926338318
-0.151009443268678	1.60907692881232	-0.4642653382621
1.1145983368786	1.60907589967202	2.18552528481939
-0.379210824926032	-0.754312888921876	-1.23922128114442
0.752401851384193	1.09450575119758	-1.61622785309908
0.965431768716412	0.579935602723141	0.83533984238888
0.686865078535434	-0.963775357270326	-0.872198612688384
-0.580391629983085	0.873282782105746	0.0290931426992785
1.55941636830585	1.09450575119758	-0.887519352087979
0.331749848569228	1.09450575119758	0.0585543114771321
-1.29165680549038	1.09450575119758	-1.08794917993087
-0.0458144860430998	-0.963774842700178	0.371146915218227
0.117991266228084	1.09450523662743	0.0932222455616147
-0.867468609406638	0.0653654542487015	-0.135996540494462
-1.29448347950781	-0.96377432813003	0.673356087326573
-1.29448347950781	-0.96377432813003	0.673356087326573
-0.771556388275253	-0.111087339075114	-0.0643369593660678
-0.232395524727343	-0.963775357270326	-0.52644911534853
-1.32315298447936	-0.875824512922926	-0.698053077894999
-0.997478298560019	-0.963774842700178	0.824469093928863
2.20956561085529	-0.899014645804225	-0.172512336989397
-0.537792741709155	1.09450575119758	-0.198616394477057
-0.00953369776928193	1.60907589967202	-0.986590504750135
1.23951384674045	-0.963774842700178	-1.55304435987436
0.679744686826306	1.60907692881232	-0.660156669829875
1.66184729755901	1.60907589967202	2.06367959522764
-0.446443264318939	1.60907589967202	-0.498479279390592
-0.446443264318939	1.60907589967202	-0.498479279390592
-0.348764847051159	1.09450575119758	-0.882580611036347
1.68547259929739	-0.707737601073009	-0.0342107464474723
0.0232515819706065	1.09450523662743	-0.534498801028346
-0.728736479123423	1.09450575119758	-0.95843183352163
1.05198987949558	-1.19575850273691	-0.974861218703257
0.577496346158267	0.187077760607658	-0.948313559574305
0.671222149929987	-0.449205208795886	-0.567451809866285
-0.147700887426373	0.253225238623898	-1.36070829121846
-0.181880851139101	-0.178365842277702	1.43030280687181
0.139644554936134	-0.0683528028144605	-0.506261657457804
0.24146380539026	-0.963775357270326	-0.32849815354316
-0.968549058862535	-0.96377432813003	-1.32410757259995
-0.294293336637981	-0.963775357270326	-0.789235431094577
0.826226062488446	1.09450575119758	-0.0220045348880277
0.957958588268418	-1.99291513964906	1.7502259456513
-0.0875568832207577	1.60907589967202	1.7594416085046
-1.00084809267104	1.09450575119758	1.72912799360022
0.828667850467545	0.0653649396785534	0.607653237769122
-1.13610569028708	1.09450575119758	0.121533561619836
-0.500674467319012	-0.64432506339591	-0.30759441158059
2.22495725139255	-0.963774842700178	-0.620903299393529
0.753601136007654	0.0653649396785534	-1.60573835839216
1.8026243636845	0.579935602723141	-0.82130661146788
-0.251840575543197	-0.0944487133241928	0.257195758228195
1.21214597172882	1.60907589967202	0.684773275611282
-0.365386039402168	-0.00431557697711291	2.07427300308155
1.73427837324434	1.09450575119758	0.0131141672616768
-0.0220012461696813	1.60907589967202	0.253429444131576
-0.309040074855711	1.60907589967202	-0.461738098863047
0.42245329741888	-0.643150299746942	1.73068203262953
0.273516056014716	-0.0179938806638611	1.88287215274856
0.265278171484713	-0.963774842700178	-0.774551428461197
1.29060894649403	-0.303364708174964	-0.338860444225315
1.16128174728718	1.42546646472322	0.388857298677413
-0.296755678150948	1.60907692881232	-1.25852870217649
0.962609177250229	0.0653649396785534	-1.41873590074645
0.878849021852127	1.60907589967202	-1.28103987302665
-0.445553972035055	0.0653654542487015	-0.493716474046451
-0.862627266737211	1.60907589967202	0.13153860606906
0.26852717838985	-0.96377432813003	0.68438628871904
-0.293617885572906	1.09450575119758	0.734846871218934
-0.663156628320118	1.09450575119758	-0.836461806474684
-0.499168005908557	-0.935329404892511	0.594099380189566
-0.879328420781626	-0.257508789393664	0.251151596285301
-0.2965488758136	1.60907589967202	0.231766419553582
-0.446589954608602	-0.449204694225738	0.746470810834035
1.1710104669108	1.09450575119758	-0.457994359001808
2.00776158323361	-0.256646884394969	1.42750682657536
1.37010903005382	1.09450575119758	-0.758246022413567
0.538460117347412	1.60907589967202	-0.27851592984062
-0.167356541575563	1.41652632296363	0.856593664160449
-0.633300790267002	-0.449204694225738	-1.18760439614336
-0.801761777181762	-0.963774842700178	-1.07390191406371
-0.801761777181762	-0.963774842700178	-1.07390191406371
-0.574614256856868	1.09450575119758	-1.59864144877389
2.09993798841795	-0.963774842700178	-0.62065498280434
0.61883809020312	-0.963775357270326	0.320958298506492
0.61883809020312	-0.963775357270326	0.320958298506492
-0.464251634417295	0.220120368121795	-1.17561317730182
0.826613200968845	1.09450678033788	0.41045403383405
0.112125343973077	1.38451079746584	-0.748380364909788
1.81499688718517	1.60907692881232	-1.01347176091305
-0.410031412072302	0.0653649396785534	0.605918963177967
-1.10715800872017	0.579935602723141	-1.12609426290638
-0.251298159337751	-0.0612398996520981	-0.848492440647834
-0.445994887569822	-0.963775357270326	-0.936576748782301
-0.85273228873347	-0.284658024997324	0.805407839558799
0.826802828435427	0.0653654542487015	0.673900377224087
-0.436872778750587	-0.609885397928664	-1.15410064762637
0.668143906289112	0.0916759405103479	1.28076175535865
-0.168262445619697	-0.449205208795886	2.03626193223354
-0.168262445619697	-0.449205208795886	2.03626193223354
-0.157233644590089	0.340193253987711	-0.593408955663372
-0.716864983205208	1.09450575119758	-0.829990525665536
-0.580429499165349	1.34559900283821	0.45697272485103
0.37977698144887	0.140113457726544	0.990450638580743
1.94608338442458	-0.963774842700178	-0.38060020544431
0.962362675621437	0.579935088152993	-0.461656043309043
-0.443570978349636	1.60907589967202	-0.146303649712353
0.543299207574771	1.09450575119758	1.07854390474512
1.6479255162486	1.60907589967202	0.493532594853136
-0.211500886663246	-0.673716795706621	0.512658705359771
-0.725883479689326	-0.753934165292598	-0.345766726967036
1.25111997682755	0.0653654542487015	-0.350690776849611
0.908984162721647	-0.253950022246815	-1.36561263343522
-0.449817985646984	-1.99291462507891	-0.76086069218457
-0.943003691038997	-0.633729549468672	-0.695000897943044
-0.113861887131653	0.0653659688188495	0.496095666371843
0.26348015960411	-0.270468753153141	2.29404930896693
-0.772913625398718	0.579935602723141	-0.625427462820788
-0.252062300309244	-0.963774842700178	0.326540226105877
-1.29448347950781	-0.96377432813003	0.941390375316848
-1.29448347950781	-0.96377432813003	0.941390375316848
1.9658812239793	-0.963774842700178	2.18035041009925
0.0288120167701698	-0.96377432813003	-1.36483149322681
-1.42325756340939	-0.449205208795886	1.7418351381924
0.113292812852332	0.0653654542487015	2.06368031187003
-0.118470665157582	-1.23687265760002	-0.539932383652372
-0.537198519336149	-0.963774842700178	-0.645579446913058
-1.56638730527468	-0.963775357270326	-1.51510746151403
0.698215134114959	-0.963774842700178	0.700984443184228
1.55093831714037	-0.963774842700178	0.447458222119841
-0.0231736422659586	-0.449204694225738	0.00736382869992738
-0.99533129893654	1.60907487053172	-0.38043967754827
1.90752875588334	1.60907589967202	-0.668623799703637
-0.411625296390512	-0.963774842700178	-0.509317420621724
0.384793310711436	-0.963774842700178	0.185726087333956
0.39484807132436	-0.963774842700178	0.126106098408625
-0.0274848163836828	0.579935602723141	-0.0247833157670381
1.56743689217631	1.34099462914966	-1.04162219075403
-0.973171773873757	1.09450575119758	-0.569979049265339
1.95728294871845	-0.963775357270326	0.0106349429029567
-0.014659129694506	-0.963774842700178	-0.929127251106655
0.778413193160502	-0.229195081544007	0.320021288577593
-0.670745950312231	-0.501487079591335	2.22793188178511
0.975348004142168	-0.963775357270326	-0.166969466400433
1.21515227800115	-0.963775357270326	-1.17375098204351
0.571186833593539	-0.963774842700178	-1.16336038398683
-1.14076331815036	1.09450575119758	-0.183105744843307
1.6354681038375	-0.818144286699833	-0.810436937971454
-0.28902149597835	-0.963774842700178	-1.48991174825955
-0.529719567005357	-0.29326060873952	-1.21533344025723
1.04814482010826	-0.25314214711371	0.206407670154682
-0.0274848163836828	0.0653654542487015	-0.827328557496592
0.606014515178382	-0.963774842700178	-1.03025230086726
-1.06644272512542	-0.748059832477614	0.875707233425206
-1.14065351159955	0.0653659688188495	-0.898342443828858
-0.35968440464048	-0.578770884760859	0.599724664653729
0.541031420745408	1.60907589967202	-1.62748415516655
0.536942956837136	0.721301915903079	-1.08888153168422
1.66584707156086	0.0653654542487015	-1.49090752286468
1.09040584207202	0.253770168411133	0.592983926304801
0.71280715771816	0.348509736727356	-0.0717667493759042
1.78598627801799	0.0653649396785534	0.922683142288945
-0.859644329551329	0.821968817759578	-0.775385958527892
1.78598627801799	0.0653649396785534	0.922683142288945
0.439661110150915	-0.963774842700178	-1.38261927406444
0.362821019895538	-1.47834499117462	-0.423806933641859
0.629881532106168	0.0653654542487015	0.765965633851888
0.906620224771516	0.218178380381453	0.11572839991502
0.159041882135676	-0.167014939372504	-1.02925437633496
2.08266682575276	-0.449204694225738	-1.39487815883978
0.0317935461797599	0.68440106141568	0.0249480830979379
2.21687985335987	0.979234833957227	-1.50784321589699
1.40851471586333	0.35320364562174	0.236832722951174
-0.740392022158389	-0.963774842700178	1.64367985450855
-1.28608792403306	-0.25617811098971	1.38645575869608
-1.28755313759815	0.0653654542487015	-1.44526779374276
0.0663665610333151	-0.620728420097317	-1.01919630034865
-0.690185651578174	0.0653654542487015	0.438387679351141
-1.22330659172134	-0.963774842700178	1.62537394122075
1.68533083622475	-0.663571016089151	-0.854804985166921
1.38810787228453	-0.963774842700178	0.0153916567867564
-0.170061442943704	-0.963774842700178	0.153288702697809
1.78764351226935	1.09450575119758	-1.65392575122134
0.912332980965913	-0.96377432813003	1.31662827384549
-1.01292822103578	-0.963774842700178	-1.02294219013706
0.96478897806132	-0.963775357270326	0.42703140566984
0.536680406558611	-0.531264739513403	-0.0714138029973323
1.81221666978539	-0.963774842700178	0.484601439029882
0.536680406558611	-0.531264739513403	-0.0714138029973323
0.584569577361601	0.7341795484388	-0.687689353928059
0.124169151709477	-0.449205208795886	0.203218969826853
-0.292122686372791	1.60907589967202	-0.491053789235113
1.39415793167858	-0.96377432813003	0.023513723348269
0.539656023307773	1.09450575119758	0.00434855583121391
-0.056485148783931	0.268566118460367	-0.665310761920615
0.267779649178608	-0.723310037476291	-0.223307949808037
0.550908379212607	1.09450575119758	-1.01874660724701
-0.572867347255678	1.09450575119758	-1.17431390464324
0.550869665364567	1.09450575119758	-0.614113829361872
-0.446296714806904	1.60907589967202	2.32188620776096
0.716684455182578	-0.963775357270326	-1.53915260540649
-0.936849596976944	-1.74698199745733	0.0828535050979218
-0.562248490682406	-0.592864961127575	-0.60977957616877
0.839394401927184	1.54606987241222	0.626312814077887
1.18561755372033	-0.297339091736329	0.169974287534947
-0.585785806402521	-0.449204694225738	0.380380494131345
0.839257002961049	-0.96377432813003	0.768052138179222
-1.57278494463531	-0.963775357270326	-0.206800092284372
-0.402461517393023	-0.963774842700178	2.08998825411851
0.911255750546999	0.0653654542487015	-0.0981993874007735
-0.168262445619697	0.579935602723141	-0.268936570972862
-0.163312704175759	1.60907487053172	0.356491936601766
-1.29160851876355	1.60907589967202	-0.93799355079334
-0.232761687340986	-0.404555957012759	0.895066611030774
0.467447235499002	-1.76434050684597	1.43468149189328
0.428872334979155	-1.67377770442491	1.55880897086447
0.512966978024322	-0.96377432813003	-0.8308178893083
-0.120681577824733	0.737670906896199	0.124974161748819
1.91304780205991	-0.963774842700178	-0.266923164169616
-0.854891395233063	0.0653654542487015	0.537578511292934
-0.376141168720541	-0.237374688624156	-0.451288377808941
1.31009228882504	-0.577260621375087	-0.472891204425919
-1.28153052984181	-0.963775357270326	0.52664684822951
1.10301796909765	0.0653654542487015	0.131911260113441
-0.164890962177124	-0.963774842700178	1.54087356169387
-1.88857605553887	-0.449205208795886	1.1752967192658
0.639858865023012	0.724928606309526	1.03635767531526
-0.731372962563755	1.09450575119758	-1.16334354289059
1.11547524073111	1.60907589967202	0.713433238193717
-0.0163270630456943	1.09450575119758	-0.404961746953295
1.2206745620632	1.42107615221644	-1.59344650806675
-0.102926421670229	-0.527990015088512	-0.0862551086359842
-0.577888744512898	1.09450575119758	0.162033173177677
0.870430660401443	0.158806762080323	-0.194631146129364
0.881167347850386	1.60907589967202	0.290431124168992
-0.999457491249448	1.09450575119758	1.18780463727271
-0.0796717874296196	1.60907589967202	-0.976180199027646
0.71441920235054	1.37211017145776	-0.391170680741644
-0.956140073955897	-0.7287037617726	-0.756095020270859
-1.07301450641341	-0.449205208795886	-1.24189614887644
-0.0274848163836828	1.09450575119758	0.0994667090533636
1.8874876525853	0.363360745782476	-0.367021623702195
-0.697225800038638	-0.963775357270326	-0.953531074516829
0.558895961117829	-0.110848063956073	0.155345108044636
0.353243777000982	0.347227942487506	-0.217638591836701
0.122255139062384	0.119368562190797	0.22379663950059
0.272404475854269	0.0653654542487015	-0.0824371962870663
1.666445798818	1.60907589967202	-0.440091915381288
-0.509749556410082	-0.963774842700178	-0.572899367016975
-0.559545419423445	0.333835225233162	1.53321838765142
0.419842294729439	-0.72861937226825	1.6175127324903
-0.63010415263994	0.0653649396785534	-1.52889279458654
-0.164955438331314	1.60907589967202	0.368917082412284
-0.309040074855711	1.09450575119758	-0.126460538491482
0.977876792696133	1.09450575119758	1.11683052459326
-0.243785279598312	-0.0981083362201436	0.2482585109446
-0.712958403993909	0.435326468467518	1.01025827600316
0.827650309763427	0.396809863713909	0.186625473537221
-0.59059533332774	0.579935602723141	-0.800186085181417
0.397839877500884	1.60907589967202	-0.857140881047034
2.08756926591328	0.0653659688188495	-0.591108533581715
1.80249710070767	-0.963775357270326	1.07624061609389
-0.305081689476853	1.09450575119758	1.2813748429259
0.464172466287714	-0.0307922693967175	-0.913492980660106
-0.194189461596094	-0.247453574122325	-1.3547737755617
-0.53587718050814	0.0890927983650062	1.01309331331002
1.38029147597646	-0.963774842700178	-1.26285829719404
-0.829493984697852	1.09450575119758	0.336741988891991
-0.0184692762297787	1.13901246704958	0.586718680183653
0.257710388469872	-0.963774842700178	0.748410761791993
0.411692959328225	1.60907589967202	-0.66587225123556
-1.0002334575418	0.579935088152993	1.1574842142656
-0.794608302729763	1.09450575119758	-0.855137865558489
-0.365991946318399	-0.449205208795886	2.24063293491695
-0.39437637659074	-0.96377432813003	1.57876208669267
-1.14258892244629	0.0653659688188495	1.5913921922276
-1.99837162568788	-0.449205208795886	1.97577946418818
0.590948352519914	0.579936117293289	0.634201613540466
1.66184673444849	0.0653654542487015	-0.146303649712353
1.47584147626782	-0.697804853497006	0.441325913162602
-0.721834574294869	1.60907589967202	-1.03393118459193
-1.00958813100453	0.0653654542487015	-1.43501550766794
-0.0195808563902266	1.60907589967202	0.64914575736252
-0.445754580156716	1.60907589967202	-0.77516379938605
-0.834365031447047	-0.626654209927148	-0.488426578222231
-0.0678201411571273	-0.316804765882968	-1.0330386064914
-0.585102049457321	-0.96377432813003	2.12578167508126
1.64762467445492	1.26124654753909	-0.743584594015568
-0.0274848163836828	1.09450575119758	0.599631859463831
0.410353600963674	-0.96377432813003	0.175197535616617
-0.72431085279313	0.0653659688188495	-0.371068503295689
-0.58291506898714	1.60907692881232	-0.93705259933128
-0.436935002462709	1.09450575119758	0.0763890323915089
-0.168262445619697	-0.191920134558666	-1.28310989457894
-0.825509555457585	1.60907589967202	0.819108608828928
-0.319726645468647	1.09450575119758	-1.22832509187945
0.821001382334611	1.09450575119758	-0.60789946485063
-0.0374981883736111	-0.635798121465539	-1.03274549975265
-0.211949826522881	-0.963775357270326	-0.842616331346107
-0.759030276381091	-0.600810953360317	-0.3668460463159
1.58059931895462	-0.963774842700178	-0.828043408283648
1.95535936319257	-0.474852414136149	-0.570403659883214
-0.374345972392523	0.579935602723141	1.96403763689943
-1.17995243146656	-0.449204694225738	-0.0294637072359796
0.552359374237142	1.09450575119758	-0.122369585390816
0.120319728215647	-0.963775357270326	-1.68325649108366
0.747805461789637	-0.0777864173464425	0.187614440039615
-0.856005227835578	-0.963775357270326	-0.866099627602421
0.0267218913089033	-0.242979901251488	-0.582594821952406
-0.162703700151684	-1.93761428579251	0.537244197616581
-0.516386095407526	1.09450575119758	-1.27421636248132
-0.810553621682809	-1.99291462507891	-0.294997629916939
-1.24545020891202	-0.963774842700178	-1.2605145182476
0.851054872179173	1.09450575119758	-0.567071631076778
-0.587800193499259	1.09450575119758	-1.24853799057513
-0.344523639415166	0.837915346660802	0.510686505494127
0.695219104609558	0.0653649396785534	0.0900837102012978
1.79790071111312	1.09450575119758	-1.26213699662545
-0.997214058949943	1.60907589967202	1.3185836326149
0.986082016816155	-0.532002118536167	-0.194142754338507
1.53475409855051	-0.963775357270326	-1.14330263836924
-1.15122182900393	1.09450575119758	0.907156726522547
-1.15122182900393	1.09450575119758	0.907156726522547
-0.0189596047124082	0.590323230310395	-0.071570389360212
-1.19292016278364	-1.95196204524242	-0.108755171529049
0.824722416630577	1.10641856470491	1.99362815962922
-1.28428568882358	-0.963774842700178	-0.375919455654173
0.181242514266196	1.09450575119758	-1.00425072324181
1.43374248935531	1.09450575119758	-1.08929718427218
0.997509922424647	1.46432165663453	-0.547658505291731
1.88079198698358	1.17186005247745	-0.164465517879153
0.699267728448757	1.32729419894653	-0.232444781998094
2.03160706118412	1.09450523662743	-0.044698091227213
-0.77644559533862	-0.304779261513121	0.59960104384093
-1.00815431085076	-0.449204694225738	-0.00843132796385913
-1.57430900324942	-0.963774842700178	-0.920819932486541
-1.00815431085076	-0.449204694225738	-0.00843132796385913
1.03394373598144	-0.639142827430624	1.61651516627919
0.798099396055237	-0.963774842700178	-1.15267488758541
1.15729816271269	-0.590993984067721	0.404457528610292
-1.56754083716864	-0.449204694225738	0.155751085960293
-1.1537058502718	-0.963774842700178	-1.02294219013706
-0.643600644732426	-0.432790935629701	-0.677138227975338
1.4061459914738	-0.963774842700178	1.2889522612687
-1.11899374712056	-1.30319406032644	-0.359281885857368
-1.46430846087224	-1.47834499117462	-0.607172789464088
-1.85336419180384	0.579935602723141	0.89245301622336
-1.85336419180384	0.579935602723141	0.89245301622336
0.117206712500351	-0.963774842700178	-0.569819238011691
-0.72466279686622	1.09450575119758	0.697434555090307
1.1595815758589	-0.638540780356908	-0.30114319675845
-0.936809053019724	1.09450575119758	-0.94122954951911
-0.268601560080037	1.09450575119758	-1.18237398163776
-1.14270604943381	-0.449204694225738	-0.690407220203661
0.858934618420401	0.0653649396785534	0.285481633481464
-1.57230052881311	-1.47834447660447	-1.32158248312807
-0.717523118621886	-0.449204694225738	-0.165963658801802
1.52786134426785	0.579936117293289	0.920134761939297
0.131763260140984	1.09450575119758	-0.950616848225534
0.914338780627268	1.60907589967202	1.29038267948521
1.24422511088046	-0.449204694225738	-0.733500360581913
0.0654698075350822	0.0653654542487015	0.0523363637539249
-0.365635919694062	-0.963774842700178	1.74756039427039
-0.495161896913388	-0.325197919574735	0.394520206867211
0.480333738124008	-0.963775357270326	1.53838358769926
0.665733793276592	-0.963774842700178	-0.524547146437403
-0.872150591799769	1.09450575119758	0.115854170654998
-0.305502192255381	1.09450575119758	-0.701830499948711
-0.318306762300172	-1.03151697360654	1.89140628868607
1.01438901939242	0.354885260866954	-1.25594448970719
1.19647615459619	1.1689764013654	-0.368269656429673
-0.00974472343550607	-0.963775357270326	-1.36430225281955
1.13708291748729	-0.00147000405605004	-0.067300275661286
1.25604986862577	1.09450575119758	0.668354640065551
-0.847602633479368	-0.96377432813003	-0.147868796698752
-1.53983425118107	-0.963775357270326	-1.3803066690621
-0.637761329449345	-0.266548243191915	0.366079178535848
-1.42476599570665	-0.449204694225738	-1.2776881365544
-1.43526082718857	-0.96377432813003	-1.26285829719404
0.00705384872833959	-0.595205740732985	0.453011484023504
-1.42837131079139	0.0653654542487015	1.38630884700551
1.45168136031597	-0.449204694225738	1.79334309354972
-0.860336533154283	-0.96377432813003	1.76727164329095
-0.0508674174892682	0.131927675804613	0.938152943306292
-0.867777053192294	-0.963774842700178	0.245638108034451
-1.3596905511489	0.0653654542487015	0.302306605264049
0.120694619042302	-0.306413021734526	-0.667933673079139
-0.867777053192294	-0.963774842700178	0.245638108034451
-0.719174721768083	1.09450575119758	0.720242415891181
-0.586157037010816	1.09450575119758	-1.58414628141108
1.11757015263177	-0.449204694225738	0.660419975489817
-0.446670479412526	-0.963774842700178	0.0254715903660529
-0.30042941116349	-0.243942661999285	0.881840617346034
1.16314634698642	-0.283518766688602	0.0342615676378787
-0.798375371310489	-0.963774842700178	-0.593541534506084
1.64929697191262	-0.963774842700178	-0.0508927480726466
0.742877259322972	0.256154686479164	1.83926016327775
0.131592919209609	0.579936117293289	0.676747597451632
-1.42535219375479	-0.963774842700178	0.481787542673612
-1.58266190310251	-0.963774842700178	0.561568115399931
0.979021174044194	0.0653654542487015	-1.41579910021978
-1.03981998610533	-0.96377432813003	-0.726499839365506
-1.03981998610533	-0.96377432813003	-0.726499839365506
-0.574922559864895	0.0653649396785534	0.278773502361418
0.727540944394	0.107930696930507	-0.84368878668729
1.45322850646127	1.48729000978183	0.4164204400773
-1.43526110874383	-1.99291513964906	2.07511505789337
-0.442226129657544	1.09450523662743	1.30318334590968
1.39419988341209	-2.5074852881235	-0.0850855482505432
-0.860214478949735	-0.963774842700178	0.803185889819181
-1.29372736286119	-0.963775357270326	1.7699017208734
1.1060821349756	-0.500084875936742	0.881910489979356
-0.238807523406156	-1.37305622024452	0.295009394096925
-0.474062145843494	-1.47834499117462	0.506700540504041
1.244920130036	0.0653654542487015	-1.23933200239414
0.845927891700026	1.09450575119758	-0.404986829437052
0.957958588268418	-0.963774842700178	0.0788883227372344
0.957958588268418	-0.963774842700178	0.0788883227372344
1.10916206794802	-0.2278818985251	-0.847865736875121
-0.465241582706082	0.0653654542487015	1.12446312440033
1.70845989682008	1.17723165025737	-1.07500625999138
0.0828016453584739	-0.963774842700178	-0.51433714226377
0.235808908801479	0.466396728602553	1.4768308142399
1.41768933473827	-0.449204694225738	0.362619229062254
-1.42716146784573	0.0653654542487015	-1.14033788878924
-0.303936745018277	-0.96377432813003	1.91635583527854
1.81975277783365	-0.963774842700178	2.33791427320249
0.916250118499405	-0.963774842700178	1.06050350746394
-0.719564675801067	0.0653654542487015	0.765812272379778
0.15809402635803	0.144548537836245	-0.22486736365529
-0.280884408230879	0.0653649396785534	-0.691123504275504
-0.449817704091726	0.0653654542487015	-0.691123504275504
-0.305321715334701	1.09450575119758	-0.680163175516358
0.0294670550790057	-0.963775357270326	-0.730239637693583
0.163933623196369	0.289738621789496	-0.0973397748503224
-1.14077542502647	-0.963775357270326	-0.425183603678887
0.353380190523713	1.09450575119758	-1.01097247056732
0.764431299802411	0.954326551350174	-0.919375898064566
0.957958588268418	1.09450575119758	-1.0893566655908
-0.324629930294937	1.60907589967202	0.0493662393559722
-0.581167033164916	0.0653654542487015	1.20436767626064
-0.449817704091726	1.09450575119758	-1.43720270025149
-1.43171492026337	-0.963774842700178	-0.600402668777045
-1.29448319795255	0.579935602723141	0.941272129321996
-1.1537058502718	-0.449204694225738	0.220616538881477
-1.15019232220133	1.60907589967202	2.12358839103736
-0.573602065702661	-0.449204694225738	0.673030731680133
2.04186594935944	-0.96377432813003	-1.22184664464637
-1.43526110874383	0.579935602723141	-0.701830499948711
-0.191858747166463	-0.96377432813003	-0.584861920162786
-1.43280721388861	-0.96377432813003	1.03544933108208
-0.157963998930565	0.579936117293289	0.14202810077598
-0.309040074855711	1.09450575119758	0.935774407203794
-0.681550492578466	-0.44920417965559	0.828352937377941
-0.789517924434218	-0.614667298318437	0.381792996288025
-1.69578165541067	-1.23067054360045	-1.37892892406149
-1.26139228997959	-0.96377432813003	1.99216011768708
-0.666155473378103	1.41668944170069	-0.323226532099961
0.729152566693494	-0.963774842700178	-0.0908047128681952
-0.872150591799769	-0.963774842700178	-1.4614793196369
0.0414513138782376	-0.963775357270326	0.339684880879007
-0.982813211367244	0.0653654542487015	0.298119263761519
-1.66616908110087	-0.449204694225738	0.666234095224546
-1.43145096220855	-0.623935221262609	2.02279550502593
-0.872150591799769	-0.963774842700178	-1.4614793196369
-1.66616908110087	-0.449204694225738	0.666234095224546
-0.0731592735235322	1.09450575119758	-1.68142833633901
0.704557307089671	-0.239456124874735	0.540031936525504
1.16730069482517	0.517499204617698	0.716176545274273
0.598924672214798	0.579936117293289	0.253745125105711
1.61976928651325	0.395763742602061	1.91122073421122
-0.57492523463985	-0.449205208795886	1.36487514799328
0.0681516213720282	-0.317537513774396	-0.420943947281666
-0.124460049393428	1.60907589967202	-0.703831365510077
-1.29448347950781	1.09450575119758	-0.221847432611022
-1.14972409580649	-0.96377432813003	0.367954631678432
-1.14972409580649	-0.96377432813003	0.367954631678432
-0.152755367426463	1.09450575119758	-0.0394246781780315
0.120618880677774	1.60907589967202	0.241906551093894
0.374753190971953	1.09450472205728	1.54297296558428
-1.5633880378838	-0.963774842700178	-0.337415693160947
0.0411613119620114	1.09450575119758	0.234548067002165
-0.297458017743206	1.29425262057269	-1.07218842210195
0.554963901155638	-1.31589622444153	1.25405679322443
0.320487356675088	-1.09837867498886	1.18307730572703
0.495666252056991	-1.11224376763951	0.900428887736692
-0.863501777370025	-0.963774842700178	1.88487301830992
-0.722257470293093	1.60907589967202	-0.719608247792842
0.408334286649912	-1.44768741629866	2.42967925666761
-1.63871800651037	0.0653654542487015	-1.39610648390145
0.124705092143978	-0.963775357270326	-0.32914062344852
1.49348372876368	1.16153314416771	0.339819251327702
1.66184673444849	-2.5074852881235	-0.567071631076778
0.313005025681194	1.09450575119758	1.00931517461392
-0.893950289242225	1.09450575119758	-0.852959631004846
0.113292812852332	-0.963775357270326	0.327334982519758
-0.0236977573796044	-0.963774842700178	0.382219040190687
1.09873621750443	-0.96377432813003	-0.116893004223209
-1.85221896579001	-0.963774842700178	2.23732563027307
-1.50373492527134	1.09450575119758	-0.497068568839893
2.12033103578908	-0.96377432813003	2.34037593982258
0.775895666816874	-0.963774842700178	-0.198593103599283
-1.43526110874383	-0.963774842700178	0.398515488208406
2.08417962215653	-0.449204694225738	0.0701503020389039
0.0798582666864075	-1.41256131425335	0.599826427873541
1.78476939619087	0.0653654542487015	1.33486037296681
-1.04749053678952	-0.156755954322369	-0.606347217427307
-0.336226065170366	-0.382495820177512	0.438317448396623
-0.308526095731371	-0.337463728203919	-0.189467379366318
1.57050049494375	1.60907589967202	-0.777660581483399
1.23195099094263	0.0653654542487015	0.289952765371638
1.9364588402466	0.0653659688188495	0.543144672759672
0.254070442088346	-0.449204694225738	1.34099519017242
-1.3874935698125	-0.963774842700178	0.878180008002388
1.94340199292052	1.09450575119758	0.0291992057734479
0.113292812852332	-1.99291513964906	2.13725655307861
0.609036306989933	1.60907589967202	-0.312566834824695
0.572426943729478	1.60907589967202	-0.138423449958491
-1.10293960706011	-0.963774842700178	0.810513916609205
